658	670	509.8529
672	684	1486.448
673	685	564.4132
674	684	2036.638
676	684	2752.447
4153	4165	600.0975
4154	4166	2608.349
4155	4165	826.8355
4156	4166	826.8355
4993	5003	833.0093
5397	5409	1482.975
5398	5410	6326.427
5399	5411	20066.98
5400	5412	8782.157
5401	5411	28780.5
5402	5412	2943.461
5403	5413	2943.461
5726	5738	1545.644
5727	5739	715.8575
5728	5738	2210.038
5729	5741	1848.205
5730	5738	3428.529
5731	5741	1737.612
5732	5738	883.5764
10043	10053	571.3607
10045	10053	766.6232
11535	11545	778.6195
12957	12969	562.7919
12959	12969	527.2462
12960	12970	594.4842
12961	12969	766.6232
12962	12970	766.6232
13076	13086	579.6538
13077	13087	1220.255
13078	13086	783.823
18151	18159	766.6232
22143	22153	612.8286
22145	22153	908.3955
24031	24043	662.4088
24032	24044	562.7919
24033	24043	883.5764
24034	24044	6680.689
24035	24043	766.6232
24036	24044	766.6232
25423	25431	2752.447
29173	29185	540.6191
29174	29186	790.8198
29175	29187	1686.331
29176	29186	731.2843
29177	29187	2091.083
35290	35302	2218.936
35291	35303	701.812
35292	35304	2407.153
35293	35305	3333.338
35294	35304	883.5764
35295	35305	1201.671
36120	36128	650.9198
36190	36202	800.8482
38784	38794	778.6195
40275	40283	904.32
40346	40354	766.6232
42037	42049	1231.555
42039	42049	1823.471
42041	42049	2752.447
45280	45292	1743.107
45282	45292	712.187
46535	46545	607.5252
46537	46545	908.3955
48096	48106	612.3848
50482	50494	1511.008
50484	50496	2180.071
50486	50496	705.4245
51713	51723	883.5764
51714	51722	766.6232
51715	51723	766.6232
53023	53033	731.2843
54154	54166	1823.471
54155	54165	632.7099
54156	54166	800.8482
54157	54165	603.5805
54158	54166	980.8116
54159	54165	883.5764
54160	54166	883.5764
55463	55473	534.078
55465	55473	783.823
55970	55980	2173.083
56521	56533	534.8431
56523	56533	731.2843
57163	57171	766.6232
57543	57553	524.9901
57545	57553	766.6232
58635	58645	907.7149
58637	58645	783.823
60739	60747	516.0707
60741	60747	883.5764
60910	60922	886.2238
60911	60923	1124.311
60913	60923	1030.205
61129	61139	609.7289
61130	61140	678.5679
61131	61139	904.32
61132	61140	908.3955
61133	61139	883.5764
64695	64707	1637.961
64697	64709	2543.476
64698	64706	13713.99
64699	64707	3428.529
64700	64706	883.5764
65192	65204	531.7901
65194	65204	712.187
65312	65324	1231.555
65314	65324	1823.471
65316	65324	2752.447
65830	65842	531.4098
65831	65843	1100.572
65832	65842	712.187
65833	65843	705.4245
65835	65843	650.9198
65962	65974	615.9455
65964	65974	826.2209
65966	65974	766.6232
67656	67668	1231.555
67658	67668	1823.471
67660	67668	2752.447
70362	70370	904.32
70393	70405	1596.08
70394	70404	665.3154
70395	70405	2183.574
70396	70404	908.3955
70956	70968	668.724
70957	70969	1994.814
70958	70970	7841.543
70959	70971	8243.249
70960	70972	21732.38
70961	70971	8323.257
70962	70972	8323.257
70963	70973	826.8355
70964	70972	766.6232
77150	77162	647.1384
80409	80419	594.914
80411	80419	908.3955
82533	82543	607.5252
82535	82543	908.3955
86043	86053	778.6195
86045	86053	766.6232
90891	90899	587.2299
90892	90900	980.8116
90893	90899	883.5764
91462	91474	595.3441
91463	91473	848.0313
91464	91474	826.2209
91465	91473	783.823
93132	93144	610.6128
93133	93145	531.7901
93134	93146	2276.8
93135	93145	712.187
93136	93146	2183.574
93720	93732	5575.252
93721	93731	583.8495
93722	93732	8636.407
93723	93731	587.2299
93724	93732	13713.99
93725	93731	883.5764
93726	93732	883.5764
94344	94354	612.3848
98617	98625	766.6232
99149	99157	904.32
99151	99157	883.5764
99282	99292	534.078
99284	99292	783.823
100607	100615	650.9198
100662	100674	835.4928
100663	100675	2631.793
100664	100676	1658.692
100665	100677	3411.521
100666	100676	2091.083
101375	101387	540.6191
101376	101388	1280.855
101377	101387	512.4032
101378	101388	826.8355
101379	101387	650.9198
101380	101388	766.6232
101632	101644	1209.068
101633	101645	1375.257
101634	101646	19536.23
101635	101647	2265.829
101636	101646	27872.66
101637	101647	2962.843
101638	101646	2752.447
102544	102552	766.6232
105446	105458	1491.093
105448	105458	2226.082
105450	105458	3428.529
105452	105458	883.5764
109332	109344	1428.577
109334	109344	2171.34
109336	109344	3428.529
109338	109344	883.5764
117552	117564	2187.083
117554	117564	2442.459
117556	117564	3428.529
117557	117569	700.7836
117558	117570	614.1623
118270	118282	1563.894
118272	118282	2173.083
118274	118282	783.823
119047	119059	768.3246
119048	119060	1656.085
119049	119059	712.187
119050	119060	2091.083
119052	119060	650.9198
120122	120134	674.1187
120318	120328	665.3154
120320	120328	908.3955
123204	123216	679.5609
123206	123216	974.177
123588	123594	883.5764
123713	123725	510.9442
125251	125259	783.823
128612	128622	594.914
128614	128622	908.3955
129668	129680	679.5609
129670	129680	974.177
130052	130058	883.5764
130177	130189	510.9442
131715	131723	783.823
135981	135993	679.5609
135983	135993	974.177
142602	142614	552.7731
142603	142613	523.1181
142604	142614	579.6538
142605	142613	766.6232
142606	142614	783.823
143910	143920	665.3154
143911	143919	2752.447
143912	143920	908.3955
144736	144746	581.7475
144737	144747	6565.992
144738	144746	766.6232
144739	144747	650.9198
146036	146046	512.4032
146038	146046	766.6232
146138	146150	1233.449
146140	146150	1997.999
146141	146151	8485.756
146142	146150	2752.447
146143	146153	974.177
147318	147328	1733.503
150726	150738	617.2866
150728	150738	739.95
150957	150969	1466.882
150959	150969	2218.936
150960	150972	663.3761
150961	150969	3428.529
150962	150972	833.0093
153707	153717	579.6538
153708	153718	607.5252
153709	153717	783.823
153710	153718	908.3955
155725	155737	523.1181
155727	155737	712.187
161034	161046	606.2072
161035	161047	703.8738
161036	161048	2750.201
161037	161049	3514.935
161039	161051	1551.702
162341	162353	1209.068
162342	162352	521.2534
162343	162353	1823.471
162344	162352	783.823
162345	162353	2752.447
165590	165602	981.5517
165592	165604	1493.421
165593	165605	875.0314
165594	165606	875.0314
165665	165677	907.7149
165666	165678	2997.09
165667	165679	3051.765
165668	165680	995.7308
165669	165679	546.8554
166116	166126	594.4842
166118	166126	766.6232
166640	166652	803.2278
167380	167392	1457.77
167381	167393	2295.213
167382	167394	2478.321
167383	167393	3372.187
167384	167394	3661.11
167385	167393	3428.529
167386	167394	980.8116
167387	167393	883.5764
167904	167916	1596.08
167905	167915	501.5704
167906	167916	2183.574
167907	167915	650.9198
167953	167963	659.0352
167954	167962	3428.529
167955	167963	904.32
169427	169439	668.724
169428	169440	1752.767
169429	169441	3039.246
169430	169442	13072.54
169431	169441	1220.255
169432	169442	2091.083
169434	169442	650.9198
174958	174970	692.1079
174959	174967	516.0707
174960	174970	974.177
174961	174967	883.5764
176073	176081	766.6232
176579	176591	705.9422
176580	176592	622.6829
176581	176593	909.7584
176582	176594	633.1699
176583	176593	826.2209
176584	176594	778.6195
177414	177424	594.914
177416	177424	908.3955
178350	178358	650.9198
181664	181676	534.8431
181666	181676	731.2843
181667	181675	650.9198
182061	182073	768.3246
182062	182074	2052.974
182063	182075	1820.585
182064	182074	2659.79
182065	182075	731.2843
182066	182074	908.3955
182131	182141	593.197
182132	182140	2752.447
182133	182141	783.823
183794	183806	503.0002
183796	183808	1743.107
183798	183808	712.187
183840	183852	564.0074
183842	183852	546.8554
185574	185584	607.5252
185576	185584	908.3955
185751	185761	521.2534
185753	185761	783.823
188607	188615	603.5805
188609	188615	883.5764
193750	193762	1532.406
193751	193763	1743.107
193752	193762	2091.083
193753	193765	780.9275
193754	193762	650.9198
198404	198412	980.8116
199064	199076	505.5131
199066	199078	2062.843
199068	199078	2659.79
199070	199078	783.823
201640	201652	1482.975
201642	201652	2218.936
201643	201651	3428.529
201644	201652	3428.529
201645	201651	883.5764
203472	203480	587.2299
203473	203481	980.8116
203474	203480	883.5764
204043	204055	595.3441
204044	204054	848.0313
204045	204055	826.2209
204046	204054	783.823
205713	205725	610.6128
205714	205726	531.7901
205715	205727	2276.8
205716	205726	712.187
205717	205727	2183.574
206301	206313	5575.252
206302	206312	583.8495
206303	206313	8636.407
206304	206312	587.2299
206305	206313	13713.99
206306	206312	883.5764
206307	206313	883.5764
206925	206935	612.3848
213712	213724	640.1127
213714	213724	915.9191
216513	216525	1559.005
216514	216526	663.8604
216515	216525	2173.083
216516	216526	915.9191
216517	216525	783.823
216518	216526	908.3955
216579	216589	705.4245
216751	216763	531.4098
216753	216765	780.9275
217026	217038	2448.397
217027	217039	3855.439
217028	217040	915.9191
217029	217039	2779.551
217030	217040	883.5764
217031	217039	2752.447
217251	217263	531.4098
217253	217263	712.187
218827	218833	883.5764
219538	219546	3428.529
221374	221386	660.4787
221376	221386	752.603
221378	221386	650.9198
225170	225180	883.5764
225171	225181	2173.083
225172	225180	766.6232
225293	225303	593.197
225295	225303	783.823
232965	232973	516.0707
232967	232973	883.5764
240846	240852	883.5764
245772	245784	2025.286
245773	245785	3946.785
245774	245784	2659.79
245775	245785	980.8116
245776	245784	908.3955
245777	245785	904.32
246890	246902	905.6763
249700	249708	516.0707
249702	249708	883.5764
251002	251014	752.603
251004	251014	731.2843
256480	256490	523.1181
256482	256490	766.6232
257014	257022	516.0707
257016	257022	883.5764
259337	259349	786.1477
259339	259349	907.7149
259341	259349	783.823
260095	260107	536.7609
260096	260108	569.7176
260097	260109	4860.206
260098	260110	4914.146
260099	260111	5652.202
260100	260110	2183.574
260101	260111	2091.083
260102	260110	766.6232
260141	260151	575.491
260142	260154	692.1079
260143	260151	904.32
260144	260154	974.177
260145	260151	883.5764
260493	260505	897.5714
262214	262222	783.823
268058	268068	632.7099
268060	268068	603.5805
268062	268068	883.5764
271017	271027	531.7901
271019	271027	783.823
271571	271581	659.0352
271573	271581	904.32
274986	274998	575.9058
274987	274997	1202.592
279622	279634	1209.068
279623	279635	1874.786
279624	279636	5997.241
279625	279635	2659.79
279626	279636	8485.756
279627	279635	908.3955
279628	279636	908.3955
285468	285476	766.6232
285568	285580	524.9901
285569	285579	512.4032
285570	285580	712.187
285571	285579	650.9198
286675	286687	583.4285
286676	286686	2183.574
286677	286687	731.2843
286678	286686	766.6232
288162	288172	612.3848
288272	288284	553.5674
288274	288284	752.603
290751	290757	883.5764
294056	294068	630.8738
294058	294068	883.5764
294060	294068	766.6232
294739	294747	2752.447
295289	295301	768.3246
295290	295302	981.5517
295291	295303	780.9275
295292	295304	1300.766
295293	295305	1071.657
295294	295306	541.7825
295295	295307	1122.597
295296	295308	2492.419
295297	295309	2524.967
298353	298361	587.2299
298355	298361	883.5764
299603	299613	1033.331
304807	304819	531.7901
304811	304823	900.2643
305820	305828	904.32
305822	305828	883.5764
306516	306524	904.32
310093	310103	612.3848
310352	310362	883.5764
310353	310363	826.8355
310354	310362	766.6232
310362	310374	746.5225
310364	310374	1057.108
310365	310377	1217.448
310366	310374	980.8116
317177	317183	883.5764
317799	317809	665.3154
317800	317808	516.0707
317801	317809	908.3955
317802	317808	883.5764
321587	321599	622.6829
321589	321599	594.4842
321591	321599	766.6232
323522	323534	1209.068
323523	323535	639.6473
323524	323534	1823.471
323525	323535	907.7149
323526	323534	2752.447
324020	324032	523.1181
324022	324032	712.187
324328	324338	752.603
324330	324338	650.9198
325234	325240	883.5764
325926	325938	505.1533
325927	325939	2169.599
325928	325940	3738.179
325930	325940	612.3848
329138	329148	665.3154
329140	329148	908.3955
329388	329398	612.3848
330737	330749	564.0074
330738	330750	508.4018
331955	331963	650.9198
335939	335951	534.8431
335940	335952	1532.406
335941	335953	1820.585
335942	335954	2180.071
335943	335953	712.187
335944	335954	705.4245
336073	336079	883.5764
338865	338873	650.9198
339426	339438	1234.398
339427	339439	2046.423
339428	339438	1823.471
339429	339439	2391.637
339430	339438	2752.447
339431	339439	3428.529
339433	339439	883.5764
340949	340961	1291.765
340950	340962	1429.688
340951	340963	2256.729
340952	340962	27872.66
340953	340963	2943.461
340954	340962	2752.447
341255	341267	809.8115
345968	345980	511.3085
345970	345980	705.4245
345972	345980	650.9198
347027	347037	1057.108
347028	347038	546.8554
347029	347037	980.8116
347030	347042	537.1454
347211	347221	665.3154
347213	347221	908.3955
347270	347280	579.6538
347272	347280	783.823
348295	348301	883.5764
348726	348738	1234.398
348728	348738	1823.471
348730	348738	2752.447
349835	349845	501.5704
349837	349845	650.9198
350709	350719	523.4919
350711	350719	783.823
361632	361640	783.823
364215	364227	1205.363
364216	364226	531.7901
364217	364227	2761.45
364218	364226	783.823
364219	364227	2752.447
366700	366710	534.078
366701	366711	581.7475
366702	366710	783.823
366703	366711	766.6232
367085	367095	501.5704
367087	367095	650.9198
370055	370067	1532.406
370056	370068	1820.585
370057	370069	5652.202
370058	370070	4860.206
370059	370069	2091.083
370060	370070	2091.083
370062	370070	650.9198
371553	371565	572.1842
371555	371565	712.187
372137	372149	764.9259
372139	372149	974.177
372284	372294	833.0093
372286	372294	783.823
374951	374961	514.9674
374953	374961	766.6232
375994	376006	1248.717
376389	376401	552.7731
376390	376402	5884.856
376391	376401	579.6538
376392	376402	8323.257
376393	376401	783.823
376394	376402	2752.447
376503	376515	1874.786
376505	376515	2659.79
376507	376515	783.823
376604	376616	6381.298
376605	376617	1264.189
376606	376616	9391.791
376607	376617	714.2819
376608	376616	13713.99
376609	376621	2057.902
376610	376616	883.5764
376715	376725	524.9901
376717	376725	766.6232
380639	380649	907.7149
380640	380652	2197.646
380641	380653	963.953
381576	381588	523.1181
381577	381589	771.7397
381578	381590	768.3246
381579	381591	1120.031
381710	381722	569.7176
381711	381723	1532.406
381712	381724	4914.146
381713	381725	5652.202
381714	381724	2183.574
381715	381725	2091.083
381716	381724	766.6232
382073	382081	783.823
385377	385389	534.8431
385378	385390	1537.206
385379	385389	731.2843
385380	385390	2091.083
388448	388454	883.5764
388755	388767	803.2278
389218	389230	1209.068
389220	389230	1823.471
389221	389231	665.3154
389222	389230	2752.447
389223	389231	908.3955
390720	390730	571.3607
390721	390729	766.6232
390722	390730	766.6232
391515	391527	1433.027
391516	391528	1588.589
391517	391529	26072.83
391518	391530	2699.085
391519	391529	38833.58
391520	391530	3661.11
391521	391529	13713.99
391522	391530	980.8116
391523	391529	883.5764
391567	391579	524.9901
391568	391580	579.2361
391569	391579	712.187
391570	391580	705.4245
393484	393492	2752.447
394164	394176	1438.61
394167	394175	516.0707
394168	394176	3428.529
394169	394175	883.5764
394170	394176	883.5764
394180	394190	594.914
394181	394191	585.9597
394182	394190	908.3955
394183	394191	904.32
396661	396673	572.1842
396663	396673	712.187
397748	397756	650.9198
398200	398212	531.7901
398202	398214	4576.539
398203	398215	2640.374
398204	398216	1915.432
398205	398217	1270.044
399136	399148	1486.448
399137	399149	8404.089
399138	399148	2036.638
399139	399149	8922.646
399140	399148	2752.447
399141	399149	3428.529
399143	399149	883.5764
400089	400097	783.823
401288	401296	766.6232
401646	401658	2062.843
401647	401659	3411.521
401648	401660	5652.202
401649	401659	3333.338
401650	401660	2091.083
404523	404533	523.1181
404525	404533	766.6232
405817	405829	523.1181
405818	405830	574.6623
405819	405829	712.187
405820	405830	778.6195
405822	405830	766.6232
406008	406018	2091.083
407796	407808	700.7836
407797	407809	583.4285
407799	407809	581.7475
407801	407809	766.6232
410372	410384	533.3142
410373	410385	1321.011
410374	410386	5981.782
410375	410385	1824.916
410376	410386	8485.756
410377	410385	2752.447
410378	410386	2752.447
410685	410697	607.5252
410686	410698	649.499
410687	410699	1342.635
410688	410698	915.9191
411426	411436	612.3848
413464	413472	650.9198
414287	414297	512.4032
414289	414297	650.9198
415124	415132	516.0707
415126	415132	883.5764
415566	415578	896.2283
415567	415579	4746.16
415568	415580	8636.407
415569	415579	6565.992
415570	415580	3333.338
415571	415579	650.9198
416109	416121	536.7609
416110	416120	607.5252
416111	416121	731.2843
416112	416120	908.3955
416942	416952	607.5252
416944	416952	908.3955
417105	417115	597.9317
417107	417115	908.3955
417864	417876	896.2283
417866	417876	1220.255
420702	420710	587.2299
420704	420710	883.5764
422137	422147	612.8286
422139	422147	908.3955
424109	424119	534.078
424111	424119	783.823
424796	424806	581.7475
424798	424806	766.6232
428531	428543	508.7641
430468	430478	579.6538
430470	430478	783.823
431078	431086	650.9198
432290	432302	620.8785
432291	432303	715.3319
432292	432302	833.0093
432293	432303	907.7149
432294	432302	783.823
434499	434511	534.8431
434500	434512	657.1159
434501	434513	742.1338
434502	434512	826.2209
434504	434516	508.7641
436088	436098	665.3154
436089	436097	2752.447
436090	436098	908.3955
436841	436853	531.7901
436843	436853	712.187
436844	436854	612.3848
437543	437551	904.32
438327	438335	2752.447
438467	438477	523.1181
438469	438477	766.6232
439810	439822	966.8622
439994	440006	1240.104
439995	440005	714.2819
439996	440006	1737.612
439997	440005	980.8116
440237	440245	783.823
441322	441330	587.2299
441324	441330	883.5764
442876	442888	1233.449
442877	442887	523.4919
442878	442888	2036.638
442879	442891	1005.56
442880	442892	2883.764
442881	442893	812.22
443289	443299	512.4032
443291	443299	650.9198
446629	446641	948.8341
446630	446642	1217.448
446631	446643	896.8996
446632	446642	546.8554
446633	446643	1057.108
446635	446643	904.32
455537	455549	1032.548
455538	455550	1153.002
455539	455551	1515.735
455540	455552	3881.305
455541	455553	1065.974
455542	455554	2593.547
455543	455555	3403.051
455544	455556	4553.39
455545	455557	2997.09
455714	455726	1244.881
455716	455726	1823.471
455717	455727	665.3154
455718	455726	2752.447
455719	455727	908.3955
457595	457607	1247.757
457596	457608	1233.449
457597	457609	2082.734
457598	457610	8697.46
457599	457611	4325.003
457600	457610	2962.843
457601	457611	546.8554
458984	458994	659.0352
458985	458993	3428.529
458986	458994	904.32
462669	462681	1567.572
462670	462682	4742.14
462671	462683	17718.99
462672	462684	49376.54
462673	462685	8697.46
462674	462686	9300.843
462675	462687	4325.003
462676	462686	3661.11
462677	462687	546.8554
462678	462686	980.8116
464026	464034	603.5805
464028	464034	883.5764
465210	465222	553.5674
465212	465222	752.603
466982	466990	2752.447
469799	469811	592.3405
469800	469810	582.1673
469801	469811	731.2843
469802	469810	766.6232
470754	470764	612.3848
472420	472432	1394.59
472422	472432	1733.503
474350	474360	512.4032
474352	474360	650.9198
475557	475567	1030.205
482387	482397	523.1181
482389	482397	766.6232
482600	482608	516.0707
482602	482608	883.5764
487066	487074	516.0707
487067	487075	587.2299
487068	487074	883.5764
487069	487075	883.5764
488739	488751	1071.657
488740	488752	1034.114
494251	494261	534.078
494253	494261	783.823
495218	495230	830.5338
495219	495231	713.7575
495220	495230	1090.564
495221	495231	714.2819
495222	495230	587.2299
495223	495231	980.8116
495224	495230	883.5764
498850	498860	593.197
498852	498860	783.823
500544	500554	833.0093
500546	500554	783.823
501135	501147	557.5577
501137	501149	915.9191
501138	501150	1283.82
501139	501151	1456.636
501140	501152	3039.246
501141	501153	2524.967
501327	501337	583.8495
501329	501337	587.2299
501331	501337	883.5764
501455	501467	860.1321
501456	501468	936.7831
501457	501469	1100.572
501458	501470	2062.843
501459	501471	2180.071
501460	501470	2091.083
501461	501471	2091.083
501462	501470	650.9198
501613	501621	783.823
502604	502616	567.6711
502606	502616	785.5658
507195	507201	883.5764
513423	513435	771.1694
513425	513437	1124.311
514342	514354	961.0532
515707	515717	883.5764
515708	515716	766.6232
515709	515717	766.6232
516819	516831	534.8431
516821	516831	731.2843
516822	516830	650.9198
520594	520606	1205.363
520595	520607	6228.921
520596	520606	2761.45
520597	520607	8922.646
520598	520606	2752.447
520599	520607	3428.529
520601	520607	883.5764
526885	526895	501.5704
526887	526895	650.9198
528343	528353	531.7901
528344	528354	607.5252
528345	528353	783.823
528346	528354	908.3955
529445	529455	585.9597
529447	529455	904.32
531411	531423	706.4603
531413	531423	915.9191
531632	531644	1470.315
531633	531645	2653.301
531634	531646	2308.197
531635	531645	3372.187
531636	531646	2962.843
531637	531645	3428.529
531639	531645	883.5764
532588	532600	617.7344
532590	532600	752.603
532889	532901	552.7731
532890	532902	1532.406
532891	532901	579.6538
532892	532902	1823.471
532893	532901	783.823
532894	532902	2752.447
532895	532907	708.0171
533310	533318	783.823
539316	539328	524.9901
539317	539329	529.8916
539318	539328	712.187
539319	539329	705.4245
539321	539329	650.9198
540997	541009	895.5575
540998	541010	1122.597
540999	541009	1201.671
541267	541277	612.3848
548636	548648	677.5764
548638	548648	907.7149
548640	548648	783.823
549572	549584	671.6607
549573	549585	656.637
549574	549584	907.7149
549575	549585	883.5764
549576	549584	783.823
549577	549585	766.6232
550056	550068	1205.363
550058	550068	1823.471
550060	550068	2752.447
550340	550350	581.7475
550342	550350	766.6232
550857	550867	512.4032
550859	550867	650.9198
555954	555964	501.5704
555956	555964	650.9198
556974	556986	768.3246
556975	556987	1686.331
556976	556988	4914.146
556977	556987	2091.083
556978	556988	2183.574
556980	556988	766.6232
558233	558243	607.5252
558235	558243	908.3955
561661	561671	579.6538
561663	561671	783.823
564499	564507	650.9198
564558	564568	612.3848
566110	566120	524.9901
566111	566119	766.6232
566112	566120	766.6232
567252	567264	768.3246
567254	567264	712.187
571293	571305	523.1181
571294	571306	567.6711
571295	571307	731.8227
571296	571308	1143.351
571297	571309	779.1958
571765	571773	516.0707
571767	571773	883.5764
572133	572145	1205.363
572134	572146	1830.709
572135	572145	2761.45
572136	572148	2608.349
572137	572145	2752.447
572138	572148	826.8355
572419	572429	521.2534
572421	572429	783.823
575945	575953	650.9198
576806	576818	1563.894
576807	576819	2271.307
576808	576818	2173.083
576809	576819	2761.45
576810	576818	783.823
576811	576819	2752.447
577134	577146	809.8115
577135	577147	800.8482
577136	577148	762.1061
579994	580006	577.1522
581775	581787	511.3085
581776	581788	1532.406
581777	581789	828.6824
581778	581788	2091.083
581779	581791	1232.502
581780	581792	921.4331
581781	581793	995.7308
581961	581971	512.4032
581963	581971	650.9198
583395	583407	1512.188
583396	583408	3041.745
583397	583409	6910.52
583398	583410	3917.174
583399	583409	6565.992
583401	583409	650.9198
586008	586016	783.823
587697	587709	1900.269
587699	587709	2659.79
587701	587709	908.3955
590757	590769	578.4015
590759	590769	712.187
591324	591336	533.3142
591326	591336	607.5252
591328	591336	908.3955
594949	594961	1037.253
596642	596650	650.9198
598314	598326	1433.027
598315	598327	6651.816
598316	598326	3185.287
598317	598327	8922.646
598318	598326	3428.529
598319	598327	3428.529
598320	598326	883.5764
598321	598327	883.5764
599177	599187	778.6195
599179	599187	766.6232
600043	600053	678.5679
600045	600053	908.3955
602722	602734	541.7825
603906	603916	590.6316
603908	603916	783.823
604012	604024	511.3085
604013	604025	731.8227
604014	604026	2180.071
604015	604027	1820.585
604016	604028	4860.206
604017	604029	790.8198
604018	604028	731.2843
604128	604138	501.5704
604130	604138	650.9198
605994	606006	1233.449
605995	606007	1372.063
605996	606008	6342.835
605997	606007	1997.999
605998	606008	8323.257
605999	606007	2752.447
606000	606008	766.6232
606644	606656	959.6069
609003	609015	673.6264
609004	609014	590.6316
609005	609015	678.5679
609006	609014	783.823
609007	609015	908.3955
610054	610066	1657.388
610055	610067	1677.063
610056	610066	3372.187
610057	610067	2492.419
610058	610066	3428.529
610059	610067	3428.529
610060	610066	883.5764
611475	611483	650.9198
612736	612748	904.9979
612737	612747	6565.992
612738	612750	1183.391
612739	612747	650.9198
613815	613827	543.7275
613817	613827	731.2843
616262	616274	995.7308
617055	617065	609.7289
617057	617065	904.32
617059	617065	883.5764
617469	617479	514.9674
617471	617479	766.6232
620953	620965	2062.843
620955	620965	2091.083
620957	620965	650.9198
625035	625043	603.5805
625037	625043	883.5764
629718	629728	546.8554
631718	631726	587.2299
631719	631727	13713.99
631720	631726	883.5764
631721	631727	883.5764
632236	632246	593.197
632237	632247	593.197
632238	632246	783.823
632239	632247	783.823
635037	635049	1711.765
635039	635049	2183.574
635041	635049	766.6232
637616	637626	523.4919
637618	637626	783.823
637706	637718	531.7901
637707	637719	1024.758
637708	637720	4576.539
637709	637719	948.8341
637710	637720	1733.503
637906	637918	1209.068
637907	637917	597.9317
637908	637918	1824.916
637909	637917	908.3955
637910	637918	2752.447
638253	638261	908.3955
641198	641210	1132.923
641200	641210	678.5679
641202	641210	908.3955
641365	641377	1130.332
641366	641378	750.9393
641367	641379	1439.73
641368	641378	1057.108
641370	641378	904.32
641842	641852	531.7901
641843	641853	607.5252
641844	641852	783.823
641845	641853	908.3955
643302	643314	503.0002
643304	643314	612.3848
643581	643593	4746.16
643582	643592	581.7475
643583	643593	6565.992
643584	643592	766.6232
643585	643593	650.9198
644769	644779	534.078
644771	644779	783.823
647223	647231	587.2299
647225	647231	883.5764
647323	647329	883.5764
649448	649454	883.5764
650670	650682	571.3607
650786	650798	981.5517
650787	650799	1472.608
650788	650798	1323.054
650789	650799	1430.8
653656	653662	883.5764
657828	657836	650.9198
658279	658291	552.7731
658280	658292	6223.551
658281	658291	579.6538
658282	658292	8323.257
658283	658291	783.823
658284	658292	2752.447
662827	662839	511.3085
662828	662840	1589.835
662829	662841	2180.071
662830	662840	2183.574
662831	662841	2091.083
662832	662840	766.6232
662859	662869	512.4032
662861	662869	650.9198
663560	663572	966.8622
663561	663573	860.1321
664476	664488	1234.398
664477	664489	2033.387
664478	664488	1824.916
664479	664489	2659.79
664480	664488	2752.447
664481	664489	783.823
665401	665413	1458.906
665402	665414	703.8738
665403	665413	2210.038
665404	665414	907.7149
665405	665413	3428.529
665407	665413	883.5764
665463	665471	766.6232
669876	669886	665.3154
669878	669886	908.3955
675019	675029	607.5252
675021	675029	908.3955
680513	680521	603.5805
680515	680521	883.5764
681491	681499	766.6232
686595	686603	516.0707
686597	686603	883.5764
687212	687224	2524.967
687213	687225	8682.154
687214	687224	3185.287
687215	687225	12758.04
687216	687228	3512.018
687217	687225	13713.99
687218	687228	1090.564
687219	687225	883.5764
687260	687270	593.197
687262	687270	783.823
687684	687696	1233.449
687686	687698	2124.839
687687	687697	8485.756
687688	687698	2779.551
687689	687697	908.3955
688361	688369	783.823
689654	689664	593.197
689655	689665	2761.45
689656	689664	783.823
690415	690427	1205.363
690416	690426	594.914
690417	690427	1824.916
690418	690426	908.3955
690419	690427	2752.447
690662	690672	523.1181
690663	690673	524.9901
690664	690672	766.6232
690665	690673	766.6232
691815	691827	1656.085
691816	691826	848.0313
691817	691827	2091.083
691818	691826	783.823
691819	691827	650.9198
692113	692121	603.5805
692115	692121	883.5764
695665	695671	883.5764
698469	698481	1994.814
698470	698482	6299.18
698471	698483	26294.04
698472	698484	21732.38
698473	698485	65884.11
698474	698486	18247.98
698475	698485	8485.756
698476	698486	2659.79
698477	698487	915.9191
698478	698486	783.823
700714	700726	577.1522
702592	702604	936.7831
703183	703195	1219.319
703187	703195	2752.447
703517	703527	785.5658
704048	704056	650.9198
713876	713888	6571.677
713877	713887	6565.992
713878	713888	8922.646
713879	713887	783.823
713880	713888	3428.529
713882	713888	883.5764
714646	714656	505.8732
715276	715288	583.4285
715278	715288	731.2843
722306	722318	644.7873
722307	722319	676.5865
722308	722320	980.072
722309	722319	833.0093
722310	722320	833.0093
723083	723095	1438.61
723084	723096	1447.593
723085	723095	2180.071
723086	723096	2218.936
723087	723095	3428.529
723088	723096	3428.529
723089	723095	883.5764
725018	725030	598.3642
725022	725032	778.6195
728362	728372	665.3154
728364	728372	908.3955
735255	735263	516.0707
735257	735263	883.5764
736830	736840	594.914
736832	736840	908.3955
737879	737891	647.1384
741636	741646	607.5252
741638	741646	908.3955
746014	746024	778.6195
746016	746024	766.6232
752098	752110	1717.172
752099	752111	2775.014
752100	752112	8071.508
752101	752113	3488.771
752102	752112	10894.72
752103	752111	3428.529
752104	752112	3428.529
753209	753221	706.9788
753210	753222	622.6829
753211	753221	833.0093
753212	753222	594.4842
753213	753221	783.823
753214	753222	766.6232
755301	755309	516.0707
755303	755309	883.5764
756153	756165	559.1625
756155	756165	785.5658
756157	756165	783.823
759799	759811	980.072
759800	759810	8323.257
759801	759811	833.0093
759802	759810	766.6232
762986	762996	665.3154
762987	762997	8485.756
762988	762996	908.3955
762989	762997	908.3955
764206	764218	531.7901
764207	764219	995.7308
764208	764220	2524.967
764209	764221	1122.597
764210	764222	1122.597
767257	767263	883.5764
771539	771549	848.0313
771784	771796	1637.961
771786	771796	2442.459
771787	771795	13713.99
771788	771796	3428.529
771789	771795	883.5764
771804	771816	613.7174
771806	771818	909.7584
771807	771817	2183.574
771808	771818	826.2209
772849	772861	523.1181
772851	772863	1743.107
772853	772863	612.3848
773475	773487	1234.398
773476	773486	665.3154
773477	773487	1824.916
773478	773486	908.3955
773479	773487	2752.447
775129	775141	1209.068
775131	775141	1824.916
775132	775142	974.177
775133	775141	2752.447
778810	778820	594.914
778812	778820	908.3955
778847	778857	575.491
778849	778857	904.32
778851	778857	883.5764
781290	781298	766.6232
781400	781412	1532.406
781401	781413	1632.822
781402	781414	5652.202
781403	781415	5652.202
781404	781414	2091.083
781405	781415	2091.083
781668	781680	601.4011
781669	781679	607.5252
781670	781680	848.0313
781671	781679	908.3955
781672	781680	783.823
783176	783188	1232.502
783177	783189	692.1079
783178	783188	1824.916
783179	783189	974.177
783180	783188	2752.447
784334	784346	632.2504
788453	788463	612.3848
789164	789172	904.32
792303	792311	603.5805
792305	792311	883.5764
794258	794266	650.9198
799262	799274	995.7308
800318	800330	1205.363
800320	800332	5905.121
800321	800333	5084.154
800322	800334	48804.94
800323	800335	16271.57
800324	800336	16739.64
800325	800337	2160.913
800326	800336	2541.412
800328	800336	766.6232
800384	800390	883.5764
802149	802159	612.3848
802329	802337	516.0707
802331	802337	883.5764
802680	802692	1440.85
802681	802691	597.9317
802682	802692	2492.419
802683	802691	908.3955
802684	802692	3428.529
805806	805818	614.6076
806132	806144	1532.406
806133	806145	888.8797
806134	806146	5652.202
806135	806145	1117.472
806136	806146	2091.083
810971	810981	501.5704
810973	810981	650.9198
812818	812830	1219.319
812820	812832	5905.121
812821	812833	1717.172
812822	812832	8323.257
812823	812835	4831.423
812824	812834	778.6195
812825	812835	612.3848
813088	813100	1205.363
813089	813099	594.914
813090	813100	1824.916
813091	813099	908.3955
813092	813100	2752.447
814278	814288	523.1181
814280	814288	766.6232
815931	815941	607.5252
815932	815942	534.078
815933	815941	908.3955
815934	815942	783.823
817231	817243	531.7901
817233	817243	712.187
817328	817340	524.9901
817330	817340	712.187
817407	817417	575.491
817409	817417	904.32
817411	817417	883.5764
818051	818063	567.6711
818053	818063	785.5658
822029	822041	673.6264
822031	822041	785.5658
822033	822041	783.823
822806	822814	516.0707
822808	822814	883.5764
825902	825908	883.5764
826618	826630	1579.899
826619	826631	915.9191
826620	826630	2173.083
826621	826631	883.5764
826622	826630	783.823
826812	826824	769.4611
826813	826823	612.3848
826814	826824	1030.205
826910	826922	523.1181
826912	826924	731.8227
829659	829669	579.6538
829661	829669	783.823
830417	830429	1588.589
830418	830430	2046.423
830419	830431	2699.085
830420	830430	2391.637
830421	830431	3661.11
830422	830430	3428.529
830423	830431	980.8116
830424	830430	883.5764
833609	833619	534.078
833611	833619	783.823
837782	837792	607.5252
837783	837793	848.0313
837784	837792	908.3955
837785	837793	783.823
840615	840623	766.6232
843615	843627	1589.835
843616	843626	915.9191
843617	843627	2183.574
843618	843626	908.3955
843619	843627	766.6232
844373	844385	706.9788
844374	844386	6299.18
844375	844387	8404.089
844376	844386	8323.257
844377	844387	8922.646
844378	844386	2752.447
844379	844387	3428.529
844381	844387	883.5764
848277	848287	512.4032
848279	848287	650.9198
849292	849304	966.8622
849294	849304	582.1673
849296	849304	766.6232
850957	850965	650.9198
852177	852189	596.2053
852178	852188	523.1181
852179	852189	848.0313
852180	852188	766.6232
852181	852189	783.823
856321	856327	883.5764
856713	856723	535.9929
856715	856723	783.823
858974	858986	2300.768
858976	858986	2091.083
859039	859047	516.0707
859041	859047	883.5764
859804	859816	5864.664
859805	859817	1709.068
859806	859818	26467.45
859807	859819	6732.996
859808	859818	38833.58
859809	859819	8922.646
859810	859818	3428.529
859811	859819	783.823
860669	860681	1634.106
860671	860681	2432.596
860673	860681	3428.529
860675	860681	883.5764
861505	861517	535.6093
861507	861519	768.3246
862396	862408	568.898
862796	862808	1723.956
862797	862807	6565.992
862798	862810	4914.146
862799	862809	705.4245
862800	862810	712.187
865632	865644	1830.709
865633	865645	909.7584
865634	865644	2541.412
865635	865645	826.8355
865636	865644	766.6232
868784	868794	665.3154
868785	868795	2779.551
868786	868794	908.3955
869990	870000	527.2462
869992	870000	766.6232
870214	870226	1209.068
870215	870227	5884.856
870216	870226	2761.45
870217	870227	8323.257
870218	870226	2752.447
870219	870227	2752.447
872785	872793	766.6232
874028	874038	571.3607
874030	874038	766.6232
874140	874152	1390.269
874142	874152	1323.054
878662	878670	650.9198
880248	880260	1233.449
880250	880260	1997.999
880252	880260	2752.447
880600	880610	501.5704
880601	880609	783.823
880602	880610	650.9198
883826	883836	571.3607
883827	883835	766.6232
883828	883836	766.6232
885133	885145	1435.257
885134	885146	1657.388
885135	885145	2180.071
885136	885146	2492.419
885137	885145	3428.529
885138	885146	3428.529
885139	885145	883.5764
885599	885611	632.2504
885600	885612	752.603
885601	885611	612.3848
885602	885612	731.2843
886869	886881	620.8785
886871	886883	920.7419
886872	886884	790.8198
886873	886885	3039.246
886874	886886	1820.585
886875	886887	3140.96
886876	886886	712.187
886877	886887	1117.472
890350	890362	580.0719
890351	890363	1164.52
890352	890364	564.0074
890450	890462	578.4015
890452	890462	712.187
890564	890574	571.3607
890565	890573	650.9198
890566	890574	766.6232
890788	890800	1438.61
890789	890801	5471.262
890790	890800	2180.071
890791	890801	8636.407
890792	890800	3428.529
890793	890801	13713.99
890794	890800	883.5764
890795	890801	883.5764
891170	891182	708.0171
891171	891183	614.1623
895846	895858	1536.004
895848	895858	2442.459
895849	895857	13713.99
895850	895858	3428.529
895851	895859	904.32
899234	899244	523.1181
899236	899244	766.6232
899936	899948	681.5517
899938	899948	752.603
899940	899948	650.9198
900135	900143	650.9198
903992	903998	883.5764
905009	905021	1232.502
905010	905022	679.5609
905011	905021	1824.916
905012	905022	974.177
905013	905021	2752.447
905867	905879	6326.427
905868	905880	2033.387
905869	905879	8485.756
905870	905880	2659.79
905871	905881	2761.45
905872	905880	783.823
909559	909571	507.6779
909560	909572	1723.956
909561	909571	501.5704
909562	909572	2183.574
909563	909571	650.9198
912019	912031	1930.725
912020	912032	701.812
912021	912031	2779.551
912022	912032	883.5764
912023	912031	2752.447
912763	912775	769.4611
912764	912776	569.7176
912765	912775	1030.205
912766	912776	712.187
913940	913952	832.3897
913941	913953	1743.107
913942	913954	1201.671
913943	913955	742.1338
914078	914088	1228.72
915527	915539	1364.641
915528	915540	2997.09
915529	915541	1238.199
917464	917476	1233.449
917465	917477	6012.742
917466	917478	2297.063
917467	917477	8485.756
917468	917478	2943.461
917469	917477	2752.447
918030	918040	514.9674
918031	918041	606.2072
918032	918040	766.6232
918033	918041	783.823
918066	918078	742.1338
918068	918078	712.187
919286	919298	1924.592
919287	919299	1830.709
919288	919300	8243.249
919289	919301	6017.919
919290	919300	8323.257
919291	919301	2183.574
919292	919300	766.6232
919848	919858	659.0352
919849	919859	8922.646
919850	919858	904.32
919851	919859	783.823
920375	920387	540.6191
920377	920387	512.4032
920379	920387	650.9198
920654	920664	523.1181
920656	920664	766.6232
921859	921871	4742.14
921861	921871	6565.992
921863	921871	783.823
925091	925099	783.823
925287	925299	660.4787
925289	925301	828.6824
925291	925301	705.4245
925714	925720	883.5764
925715	925727	735.0619
925716	925728	1833.612
925717	925729	648.5536
925719	925729	974.177
925720	925728	2752.447
925721	925729	908.3955
926058	926070	1219.319
926060	926072	2082.734
926062	926072	2962.843
926063	926073	546.8554
927775	927785	582.1673
927777	927785	766.6232
927854	927862	766.6232
928917	928927	534.078
928919	928927	783.823
929591	929603	1213.716
929593	929603	1997.999
929594	929604	581.7475
929595	929603	2752.447
929596	929604	766.6232
931259	931271	1100.572
931460	931468	766.6232
933142	933154	543.7275
933143	933153	612.3848
933144	933154	731.2843
935496	935508	5884.856
935497	935509	2025.286
935498	935510	21732.38
935499	935511	6408.923
935500	935510	8485.756
935501	935511	2659.79
935502	935510	908.3955
935503	935511	783.823
935840	935852	771.7397
935842	935852	1033.331
937272	937284	521.2534
937274	937284	1138.993
937275	937283	13713.99
937276	937284	980.8116
937277	937283	883.5764
941124	941134	665.3154
941125	941133	2752.447
941126	941134	908.3955
946477	946485	783.823
949913	949923	607.5252
949914	949922	516.0707
949915	949923	908.3955
949916	949922	883.5764
951650	951660	581.7475
951651	951659	783.823
951652	951660	766.6232
951703	951713	531.7901
951705	951713	783.823
952673	952685	1677.063
952674	952686	1677.063
952675	952687	1886.732
952677	952687	583.8495
952679	952687	587.2299
952681	952687	883.5764
952772	952782	2173.083
953180	953192	553.5674
953182	953192	752.603
953204	953212	766.6232
954486	954498	1559.005
954488	954500	2409.1
954489	954501	580.0719
954490	954500	907.7149
954491	954501	546.8554
956282	956294	535.9929
960301	960313	594.4842
960302	960312	590.6316
960303	960313	833.0093
960304	960312	783.823
960305	960313	783.823
961944	961952	766.6232
965111	965123	507.6779
965113	965123	501.5704
965115	965123	650.9198
968464	968476	835.4928
968465	968477	878.9641
968466	968478	606.2072
968467	968477	579.6538
968468	968480	1232.502
968469	968477	783.823
968778	968790	580.9091
968780	968790	712.187
969622	969632	705.4245
969624	969632	650.9198
970118	970130	1900.269
970120	970130	2659.79
970122	970130	908.3955
972518	972530	534.078
972520	972530	705.4245
972522	972530	650.9198
973434	973446	1233.449
973438	973446	2752.447
976078	976090	654.7252
976079	976091	1122.597
976080	976092	931.1695
979275	979287	742.1338
979277	979287	712.187
979591	979599	650.9198
980956	980968	1588.589
980957	980969	2046.423
980958	980970	27689.53
980959	980969	2391.637
980960	980970	38833.58
980961	980969	3428.529
980962	980970	13713.99
980963	980969	883.5764
980964	980970	883.5764
983263	983275	842.3639
983264	983276	1122.597
983265	983277	2945.877
983266	983278	1071.657
985173	985185	531.4098
985175	985187	4914.146
985176	985188	4831.423
985177	985189	17718.99
985178	985188	2173.083
985179	985189	8323.257
985180	985188	783.823
985181	985189	2752.447
988453	988465	706.9788
988455	988465	833.0093
988457	988465	783.823
990081	990091	606.2072
990083	990091	783.823
990150	990162	896.2283
990151	990163	572.1842
990152	990162	1220.255
990153	990163	712.187
991698	991708	785.5658
993096	993108	6261.244
993097	993109	809.2106
993098	993110	13939.35
993099	993111	1964.835
993100	993108	13713.99
993101	993111	1737.612
993102	993110	980.8116
994111	994123	790.8198
994112	994122	1030.205
994113	994123	731.2843
996650	996662	588.9281
996652	996662	826.2209
996654	996662	766.6232
1000186	1000198	520.5095
1000188	1000198	752.603
1000189	1000199	833.0093
1000190	1000198	650.9198
1002130	1002138	650.9198
1002388	1002398	531.7901
1002390	1002398	783.823
1003867	1003875	2752.447
1004012	1004024	531.4098
1004014	1004024	712.187
1004391	1004401	582.1673
1004393	1004401	766.6232
1007568	1007576	783.823
1014396	1014406	612.8286
1014398	1014406	908.3955
1016748	1016760	1433.027
1016750	1016760	2171.34
1016751	1016759	516.0707
1016752	1016760	3428.529
1016753	1016759	883.5764
1016754	1016760	883.5764
1016856	1016868	547.2477
1016858	1016868	731.2843
1019007	1019017	531.7901
1019008	1019018	524.9901
1019009	1019017	783.823
1019010	1019018	766.6232
1021447	1021453	883.5764
1022962	1022974	610.6128
1022963	1022975	2276.8
1022964	1022976	2276.8
1022965	1022977	1295.757
1022966	1022976	2183.574
1025899	1025907	904.32
1030551	1030561	501.5704
1030553	1030561	650.9198
1030609	1030621	1433.027
1030611	1030621	2171.34
1030612	1030620	516.0707
1030613	1030621	3428.529
1030614	1030620	883.5764
1030615	1030621	883.5764
1031796	1031804	603.5805
1031798	1031804	883.5764
1033706	1033716	524.9901
1033708	1033716	766.6232
1038280	1038292	2765.963
1038281	1038293	959.6069
1040765	1040777	715.3319
1040766	1040778	580.0719
1040767	1040777	907.7149
1040768	1040778	546.8554
1042366	1042376	582.1673
1042368	1042376	766.6232
1043054	1043066	534.8431
1043056	1043066	731.2843
1046123	1046135	1013.959
1046124	1046136	812.22
1046125	1046135	1090.564
1046127	1046135	587.2299
1046129	1046135	883.5764
1047515	1047527	639.6473
1047517	1047527	907.7149
1047518	1047528	546.8554
1049827	1049833	883.5764
1052464	1052476	6212.826
1052465	1052477	8993.783
1052466	1052478	28645.06
1052467	1052477	13565.89
1052468	1052478	38833.58
1052469	1052477	13713.99
1052470	1052478	3428.529
1052471	1052479	904.32
1056636	1056642	883.5764
1056685	1056697	1233.449
1056686	1056698	1880.749
1056687	1056697	2036.638
1056688	1056698	2659.79
1056689	1056697	2752.447
1056690	1056698	908.3955
1063039	1063049	527.2462
1063041	1063049	766.6232
1064607	1064619	523.1181
1064609	1064619	712.187
1067373	1067385	1438.61
1067374	1067386	5556.189
1067375	1067387	26146.35
1067376	1067386	9559.576
1067377	1067387	38833.58
1067378	1067386	13713.99
1067379	1067387	13713.99
1067380	1067386	883.5764
1067381	1067387	883.5764
1068738	1068746	766.6232
1069866	1069878	633.1699
1069868	1069878	778.6195
1072078	1072090	531.4098
1072080	1072092	1820.585
1072081	1072093	742.1338
1072082	1072092	731.2843
1072083	1072093	712.187
1076240	1076250	606.2072
1076241	1076249	766.6232
1076242	1076250	783.823
1079155	1079165	512.4032
1079157	1079165	766.6232
1080765	1080773	650.9198
1084760	1084768	587.2299
1084761	1084769	3428.529
1084762	1084768	883.5764
1084789	1084799	659.0352
1084791	1084799	904.32
1085049	1085057	587.2299
1085051	1085057	883.5764
1087296	1087308	728.0632
1087297	1087309	504.0755
1087298	1087310	980.072
1087299	1087311	759.2976
1087300	1087310	907.7149
1088189	1088201	538.6863
1088191	1088201	546.8554
1088858	1088868	523.1181
1088860	1088868	766.6232
1088982	1088994	1209.068
1088984	1088994	1823.471
1088985	1088995	665.3154
1088986	1088994	2752.447
1088987	1088995	908.3955
1093208	1093218	575.491
1093210	1093218	904.32
1093212	1093218	883.5764
1097624	1097636	826.2209
1099003	1099013	575.491
1099004	1099014	607.5252
1099005	1099013	904.32
1099006	1099014	908.3955
1099007	1099013	883.5764
1100044	1100056	500.8571
1103481	1103491	512.4032
1103483	1103491	766.6232
1108740	1108750	826.8355
1109078	1109086	650.9198
1110027	1110039	1456.636
1110028	1110040	5570.48
1110029	1110041	7512.83
1110030	1110040	8636.407
1110031	1110041	10894.72
1110032	1110040	13713.99
1110033	1110041	3428.529
1110034	1110040	883.5764
1110109	1110121	588.9281
1110110	1110122	2119.738
1110111	1110123	6623.076
1110112	1110124	17718.99
1110113	1110123	6680.689
1110114	1110124	8323.257
1110115	1110123	766.6232
1110116	1110124	2752.447
1110550	1110558	516.0707
1110552	1110558	883.5764
1111036	1111048	1636.675
1111037	1111049	2653.301
1111038	1111048	2432.596
1111039	1111049	3372.187
1111040	1111048	3428.529
1111041	1111049	3428.529
1111042	1111048	883.5764
1111043	1111049	883.5764
1111981	1111993	657.5951
1111982	1111994	624.04
1111983	1111995	3039.246
1111984	1111996	2278.634
1111985	1111997	1258.363
1111986	1111996	2173.083
1113834	1113846	1406.549
1113835	1113847	766.057
1113836	1113846	2036.638
1113837	1113847	883.5764
1113838	1113846	2752.447
1113839	1113847	766.6232
1119354	1119366	731.8227
1119355	1119367	752.603
1119356	1119368	1820.585
1119357	1119369	790.8198
1119358	1119368	731.2843
1120564	1120574	612.3848
1121512	1121522	534.078
1121514	1121522	783.823
1125512	1125524	569.7176
1125514	1125524	712.187
1126049	1126061	585.9597
1126051	1126061	590.6316
1126053	1126061	783.823
1133812	1133822	826.2209
1133814	1133822	766.6232
1134165	1134175	705.4245
1136224	1136234	581.7475
1136226	1136234	766.6232
1137442	1137452	575.491
1137444	1137452	904.32
1137446	1137452	883.5764
1137638	1137648	581.7475
1137640	1137648	766.6232
1138400	1138410	826.2209
1138402	1138410	766.6232
1138781	1138787	883.5764
1147604	1147616	700.7836
1147605	1147617	507.3164
1148358	1148368	678.5679
1148359	1148369	606.2072
1148360	1148368	908.3955
1148361	1148369	783.823
1149707	1149719	663.8604
1149709	1149719	915.9191
1149711	1149719	908.3955
1151545	1151555	826.8355
1151941	1151951	597.9317
1151943	1151951	908.3955
1155374	1155382	650.9198
1155608	1155618	524.9901
1155610	1155618	766.6232
1158603	1158615	1209.068
1158604	1158616	1874.786
1158605	1158615	1824.916
1158606	1158616	2659.79
1158607	1158615	2752.447
1158608	1158616	783.823
1161481	1161493	531.7901
1161483	1161495	731.8227
1167935	1167945	594.914
1167937	1167945	908.3955
1174141	1174153	1678.384
1174142	1174154	5884.856
1174143	1174155	18180.95
1174144	1174154	8323.257
1174145	1174155	8922.646
1174146	1174154	2752.447
1174147	1174155	3428.529
1174149	1174155	883.5764
1174200	1174210	521.2534
1174202	1174210	783.823
1174922	1174932	534.078
1174924	1174932	783.823
1175849	1175857	783.823
1176966	1176978	1231.555
1176967	1176979	650.9198
1176968	1176978	1823.471
1176969	1176979	907.7149
1176970	1176978	2752.447
1176990	1177002	1290.769
1176991	1177003	2464.308
1176992	1177004	648.5536
1176993	1177003	2943.461
1176994	1177004	8485.756
1176995	1177003	2752.447
1176996	1177004	908.3955
1178523	1178533	512.4032
1178525	1178533	766.6232
1179360	1179372	543.7275
1179362	1179372	731.2843
1183465	1183471	883.5764
1185640	1185650	535.9929
1185642	1185650	783.823
1188866	1188878	641.5112
1188867	1188879	601.4011
1188868	1188878	915.9191
1188869	1188879	848.0313
1188870	1188878	908.3955
1188871	1188879	783.823
1190618	1190626	766.6232
1190804	1190814	594.914
1190806	1190814	908.3955
1191584	1191594	606.2072
1191585	1191593	766.6232
1191586	1191594	783.823
1191966	1191974	2752.447
1193428	1193440	1474.905
1193429	1193441	1982.132
1193430	1193440	2041.524
1193431	1193441	2541.412
1193432	1193440	2752.447
1193433	1193441	766.6232
1193783	1193795	1622.596
1193785	1193795	2442.459
1193787	1193795	3428.529
1194143	1194155	966.134
1194145	1194155	1220.255
1195459	1195469	597.9317
1195461	1195469	908.3955
1197119	1197129	833.0093
1197121	1197129	783.823
1198301	1198313	578.4015
1198303	1198315	742.1338
1198339	1198349	524.9901
1198340	1198348	783.823
1198341	1198349	766.6232
1199788	1199794	883.5764
1200747	1200757	523.1181
1200749	1200757	766.6232
1203485	1203493	766.6232
1210659	1210671	554.7612
1210660	1210672	2067.796
1210661	1210673	1536.004
1210662	1210672	2226.082
1210663	1210673	2492.419
1210664	1210672	3428.529
1210665	1210673	3428.529
1210666	1210672	883.5764
1214083	1214091	516.0707
1214084	1214092	587.2299
1214085	1214091	883.5764
1214086	1214092	883.5764
1214767	1214777	571.3607
1214768	1214776	650.9198
1214769	1214777	766.6232
1215221	1215229	783.823
1216501	1216511	524.9901
1216502	1216512	581.7475
1216503	1216511	766.6232
1216504	1216512	766.6232
1217291	1217303	547.2477
1217293	1217305	1820.585
1217295	1217305	712.187
1220320	1220330	594.914
1220322	1220330	908.3955
1220880	1220890	612.3848
1221944	1221956	809.8115
1221945	1221957	1515.735
1221947	1221957	974.177
1221949	1221957	908.3955
1222960	1222972	1874.786
1222961	1222973	706.4603
1222962	1222974	6090.891
1222963	1222975	2957.985
1222964	1222976	4831.423
1222965	1222975	1033.331
1222966	1222976	612.3848
1223249	1223259	594.4842
1223251	1223259	766.6232
1224606	1224618	1457.77
1224607	1224619	1482.975
1224609	1224619	2218.936
1224610	1224618	3428.529
1224611	1224619	3428.529
1224612	1224618	883.5764
1226355	1226367	503.0002
1226357	1226367	612.3848
1228793	1228805	533.3142
1229460	1229472	1406.549
1229461	1229471	535.9929
1229462	1229472	2036.638
1229463	1229471	783.823
1229464	1229472	2752.447
1230730	1230742	1515.735
1230731	1230743	1657.388
1230732	1230744	2478.321
1230733	1230743	3372.187
1230734	1230744	3661.11
1230735	1230743	3428.529
1230736	1230744	980.8116
1230737	1230743	883.5764
1232566	1232578	1429.688
1232568	1232578	2210.038
1232569	1232579	665.3154
1232570	1232578	3428.529
1232571	1232579	908.3955
1232572	1232578	883.5764
1234234	1234242	516.0707
1234236	1234242	883.5764
1240930	1240938	904.32
1240932	1240938	883.5764
1240969	1240981	1429.688
1240971	1240981	2210.038
1240972	1240982	635.9371
1240973	1240981	3428.529
1240974	1240982	980.8116
1240975	1240981	883.5764
1242330	1242340	705.4245
1245748	1245760	567.6711
1245750	1245760	785.5658
1246729	1246741	568.898
1258601	1258611	524.9901
1258603	1258611	766.6232
1260000	1260010	534.078
1260002	1260010	783.823
1260696	1260708	1456.636
1260697	1260709	1280.855
1260698	1260710	2407.153
1260699	1260711	2608.349
1260700	1260712	13072.54
1260701	1260713	16739.64
1260702	1260712	2091.083
1260703	1260713	6680.689
1260704	1260712	650.9198
1260705	1260713	766.6232
1262984	1262992	904.32
1262986	1262992	883.5764
1264522	1264534	6228.921
1264523	1264535	6571.677
1264524	1264536	74987.35
1264525	1264537	74987.35
1264526	1264536	38833.58
1264527	1264537	38833.58
1264528	1264536	13713.99
1264529	1264537	13713.99
1264530	1264536	883.5764
1264531	1264537	883.5764
1266384	1266394	531.7901
1266385	1266395	826.2209
1266386	1266394	783.823
1266387	1266395	766.6232
1266675	1266683	603.5805
1266677	1266683	883.5764
1272451	1272463	1406.549
1272452	1272464	1912.389
1272453	1272465	6531.993
1272454	1272466	18247.98
1272455	1272467	50885.97
1272456	1272468	8782.157
1272457	1272467	8485.756
1272458	1272468	2943.461
1272459	1272467	2752.447
1275814	1275824	632.7099
1275816	1275824	603.5805
1275818	1275824	883.5764
1277115	1277127	592.3405
1277116	1277128	1686.331
1277117	1277127	731.2843
1277118	1277128	2091.083
1277247	1277259	1444.217
1277248	1277260	5471.262
1277249	1277261	7512.83
1277250	1277260	12758.04
1277251	1277261	10894.72
1277252	1277260	13713.99
1277253	1277261	3428.529
1277254	1277260	883.5764
1277397	1277407	1201.671
1279481	1279493	4742.14
1279482	1279494	966.134
1279483	1279493	6565.992
1279484	1279494	1220.255
1279485	1279493	783.823
1281873	1281883	597.9317
1281875	1281883	908.3955
1282585	1282595	712.187
1283541	1283553	2044.788
1283543	1283553	2943.461
1283545	1283553	2752.447
1284208	1284218	1030.205
1286962	1286974	5864.664
1286963	1286973	583.8495
1286964	1286974	8636.407
1286965	1286973	587.2299
1286966	1286974	13713.99
1286967	1286973	883.5764
1286968	1286974	883.5764
1288152	1288164	1233.449
1288156	1288164	2752.447
1291900	1291912	909.7584
1291902	1291912	826.2209
1292358	1292370	780.9275
1292359	1292371	780.9275
1292360	1292372	1743.107
1292361	1292371	712.187
1292362	1292372	612.3848
1299196	1299206	501.5704
1299198	1299206	650.9198
1302664	1302676	779.1958
1303717	1303729	779.1958
1305512	1305522	524.9901
1305514	1305522	766.6232
1306311	1306321	612.3848
1307095	1307105	594.914
1307096	1307106	665.3154
1307097	1307105	908.3955
1307098	1307106	908.3955
1307684	1307694	678.5679
1307685	1307693	904.32
1307686	1307694	908.3955
1307687	1307693	883.5764
1312331	1312343	603.5805
1312332	1312344	606.2072
1312333	1312343	833.0093
1312334	1312344	752.603
1313387	1313397	575.491
1313389	1313397	904.32
1313391	1313397	883.5764
1313426	1313438	511.3085
1313427	1313439	752.603
1313428	1313438	705.4245
1313429	1313441	790.8198
1313430	1313438	650.9198
1314584	1314596	1532.406
1314585	1314597	1690.32
1314586	1314596	2091.083
1314587	1314597	2183.574
1314588	1314596	650.9198
1314589	1314597	766.6232
1315141	1315153	1469.169
1315143	1315153	612.3848
1315181	1315193	595.3441
1315182	1315194	564.4132
1315183	1315193	826.2209
1315184	1315194	778.6195
1321363	1321371	516.0707
1321365	1321371	883.5764
1322394	1322406	540.6191
1322396	1322406	512.4032
1322398	1322406	650.9198
1322406	1322416	546.8554
1323120	1323132	543.7275
1323121	1323133	2062.843
1323122	1323134	1820.585
1323123	1323135	2180.071
1323124	1323134	712.187
1323125	1323135	705.4245
1323239	1323251	1464.598
1323242	1323250	587.2299
1323243	1323251	3428.529
1323244	1323250	883.5764
1323918	1323930	1465.74
1323919	1323931	1820.585
1323920	1323932	2328.76
1323921	1323933	2256.729
1323922	1323930	3428.529
1323923	1323933	2943.461
1324803	1324815	1286.793
1324807	1324815	2752.447
1326549	1326559	607.5252
1326550	1326558	516.0707
1326551	1326559	908.3955
1326552	1326558	883.5764
1326873	1326883	607.5252
1326875	1326883	908.3955
1327662	1327674	1122.597
1327663	1327675	959.6069
1329035	1329047	632.2504
1329037	1329047	612.3848
1334861	1334869	766.6232
1341452	1341462	512.4032
1341454	1341462	650.9198
1341865	1341873	650.9198
1344306	1344318	546.8554
1344308	1344320	828.6824
1344310	1344320	705.4245
1346046	1346056	524.9901
1346048	1346056	766.6232
1350970	1350982	1219.319
1350971	1350983	1604.866
1350972	1350984	2082.734
1350973	1350985	2699.085
1350974	1350986	4325.003
1350975	1350985	3661.11
1350976	1350986	546.8554
1350977	1350985	980.8116
1352446	1352458	583.4285
1352448	1352460	701.812
1352450	1352460	883.5764
1356014	1356024	606.2072
1356016	1356024	783.823
1357584	1357594	594.914
1357585	1357595	571.3607
1357586	1357594	908.3955
1357587	1357595	766.6232
1359954	1359964	531.7901
1359956	1359964	783.823
1361424	1361432	766.6232
1361544	1361556	1511.008
1361545	1361557	583.4285
1361546	1361558	5652.202
1361547	1361557	731.2843
1361548	1361558	2091.083
1362831	1362839	783.823
1368805	1368815	593.197
1368807	1368815	783.823
1369162	1369174	1394.59
1369164	1369174	1733.503
1373187	1373199	662.4088
1373189	1373199	883.5764
1373190	1373200	2183.574
1373191	1373199	766.6232
1375149	1375159	501.5704
1375150	1375158	650.9198
1375151	1375159	650.9198
1375868	1375880	523.1181
1375870	1375880	712.187
1382121	1382129	516.0707
1382123	1382129	883.5764
1394739	1394749	593.197
1394740	1394748	904.32
1394741	1394749	783.823
1399870	1399880	534.078
1399872	1399880	783.823
1401572	1401584	524.9901
1401574	1401584	712.187
1402033	1402045	531.7901
1402035	1402045	712.187
1404953	1404961	516.0707
1404954	1404966	708.0171
1404955	1404961	883.5764
1405127	1405135	766.6232
1405145	1405157	663.3761
1405423	1405435	744.3246
1405425	1405435	848.0313
1405427	1405435	783.823
1409042	1409054	1375.257
1409043	1409055	1005.56
1409044	1409056	6342.835
1409045	1409055	593.197
1409046	1409056	8323.257
1409047	1409055	783.823
1409048	1409056	766.6232
1411290	1411298	904.32
1411768	1411778	523.1181
1411770	1411778	766.6232
1411870	1411878	516.0707
1411871	1411879	587.2299
1411872	1411878	883.5764
1411873	1411879	883.5764
1412263	1412275	1231.555
1412265	1412277	5997.241
1412266	1412276	665.3154
1412267	1412277	8485.756
1412268	1412276	908.3955
1412269	1412277	908.3955
1413036	1413044	516.0707
1413038	1413044	883.5764
1414052	1414064	531.4098
1414053	1414063	612.3848
1414054	1414066	780.9275
1419546	1419558	790.8198
1419547	1419557	512.4032
1419548	1419558	731.2843
1419549	1419557	650.9198
1419693	1419701	783.823
1427045	1427053	603.5805
1427047	1427053	883.5764
1431230	1431240	678.5679
1431232	1431240	908.3955
1433162	1433172	523.1181
1433164	1433172	766.6232
1435234	1435246	577.1522
1435236	1435246	785.5658
1435238	1435246	783.823
1435434	1435444	883.5764
1435456	1435468	1579.899
1435458	1435470	2278.634
1435460	1435470	848.0313
1439151	1439163	534.078
1439152	1439164	592.3405
1439153	1439163	705.4245
1439154	1439164	731.2843
1439155	1439163	650.9198
1439903	1439915	1122.597
1440060	1440072	1213.716
1440061	1440073	2044.788
1440063	1440073	2943.461
1440064	1440074	2943.461
1440065	1440073	2752.447
1440449	1440461	1464.598
1440451	1440461	2442.459
1440453	1440461	3428.529
1441387	1441399	533.3142
1441389	1441399	607.5252
1441390	1441400	534.078
1441391	1441399	908.3955
1441392	1441400	783.823
1441722	1441732	594.914
1441723	1441733	585.9597
1441724	1441732	908.3955
1441725	1441733	904.32
1444444	1444456	596.6364
1444445	1444457	1903.291
1444446	1444456	848.0313
1444447	1444459	2679.36
1444448	1444460	657.5951
1444449	1444461	2765.963
1447051	1447063	2052.974
1447052	1447062	1515.735
1447053	1447063	2659.79
1447054	1447062	904.32
1447055	1447063	908.3955
1447056	1447062	883.5764
1447574	1447586	524.9901
1447576	1447588	1743.107
1447578	1447588	612.3848
1448097	1448109	1472.608
1448098	1448110	2025.286
1448099	1448109	2210.038
1448100	1448110	2659.79
1448101	1448109	3428.529
1448102	1448110	908.3955
1448103	1448109	883.5764
1448417	1448429	540.6191
1448419	1448429	512.4032
1448421	1448429	650.9198
1449562	1449574	536.7609
1449563	1449575	518.2849
1449564	1449574	731.2843
1449565	1449575	705.4245
1450513	1450523	534.078
1450515	1450523	783.823
