1464	1474	582.1673
1466	1474	766.6232
1845	1857	1233.449
1846	1856	535.9929
1847	1857	2036.638
1848	1856	783.823
1849	1857	2752.447
2795	2807	507.6779
2797	2807	501.5704
2799	2807	650.9198
5206	5218	553.5674
6303	6311	603.5805
6305	6311	883.5764
9910	9922	1559.005
9911	9923	5884.856
9912	9924	6090.891
9913	9923	8323.257
9914	9924	2659.79
9915	9923	2752.447
9916	9924	908.3955
10978	10986	516.0707
10979	10987	587.2299
10980	10986	883.5764
10981	10987	883.5764
13377	13389	1037.253
13378	13390	995.7308
13379	13391	1456.636
13380	13392	1232.502
13381	13393	2407.153
13382	13394	2300.768
13383	13393	2183.574
13384	13394	2091.083
16665	16673	650.9198
17505	17515	607.5252
17506	17516	731.2843
17507	17515	908.3955
17688	17696	650.9198
18540	18552	1428.577
18541	18553	1465.74
18542	18552	2171.34
18543	18553	2218.936
18544	18552	3428.529
18545	18553	3428.529
18546	18552	883.5764
20367	20379	718.4918
20368	20380	2512.709
20369	20381	6750.528
20370	20382	2606.229
20371	20383	1116.621
20372	20384	1342.635
20373	20385	1237.247
20374	20386	2278.634
20375	20385	1220.255
20376	20386	2173.083
20485	20497	1031.767
20486	20496	635.9371
20487	20497	1430.8
20488	20496	980.8116
20734	20744	597.9317
20736	20744	908.3955
22400	22412	1804.798
22401	22411	571.3607
22402	22412	2541.412
22403	22411	766.6232
22404	22412	766.6232
22744	22756	531.7901
22745	22757	835.4928
22746	22756	712.187
22747	22757	1117.472
24595	24607	584.2709
24599	24607	516.0707
24601	24607	883.5764
26176	26186	833.0093
26177	26187	883.5764
26178	26186	783.823
26860	26872	614.1623
28731	28739	650.9198
28825	28833	783.823
32353	32363	501.5704
32355	32363	650.9198
33587	33599	1587.345
33589	33599	2173.083
36680	36692	543.7275
36681	36693	674.1187
36682	36692	731.2843
36781	36791	590.6316
36783	36791	783.823
37341	37353	637.3257
37342	37352	571.3607
37343	37353	883.5764
37344	37352	766.6232
38065	38077	564.4132
38066	38078	564.4132
38658	38670	1359.367
38659	38671	1602.351
38660	38670	1997.999
38661	38671	2391.637
38662	38670	2752.447
38663	38671	3428.529
38665	38671	883.5764
40156	40168	564.4132
40158	40168	778.6195
41280	41288	603.5805
41282	41288	883.5764
42556	42566	582.1673
42558	42566	766.6232
42652	42664	583.4285
42653	42663	523.1181
42654	42664	731.2843
42655	42663	766.6232
43733	43743	593.197
43735	43743	783.823
43940	43952	584.2709
43941	43953	567.6711
43942	43954	1295.757
43943	43955	1143.351
44127	44139	1209.068
44128	44140	1903.291
44129	44139	2779.551
44130	44140	2659.79
44131	44139	2752.447
44132	44140	783.823
46134	46146	569.7176
46135	46147	769.4611
46136	46148	1820.585
46137	46149	2890.859
46138	46150	790.8198
46139	46149	826.2209
46141	46149	766.6232
46301	46311	883.5764
46302	46310	783.823
46303	46311	766.6232
46474	46486	531.7901
46476	46486	712.187
47821	47833	1231.555
47823	47833	1823.471
47825	47833	2752.447
50823	50829	883.5764
50860	50872	2143.653
51552	51562	501.5704
51554	51562	650.9198
53610	53622	6096.139
53611	53623	1637.961
53612	53622	9391.791
53613	53623	2442.459
53614	53622	13713.99
53615	53623	3428.529
53616	53624	904.32
54720	54730	607.5252
54721	54729	516.0707
54722	54730	908.3955
54723	54729	883.5764
59679	59687	766.6232
59705	59717	1474.905
59706	59718	786.1477
59707	59717	2041.524
59708	59718	907.7149
59709	59717	2752.447
59710	59718	783.823
61097	61107	531.7901
61099	61107	783.823
70616	70626	512.4032
70618	70626	650.9198
71837	71849	1567.572
71838	71850	610.6128
71839	71851	2276.8
71840	71850	826.2209
71841	71851	826.2209
71842	71850	766.6232
72087	72097	524.9901
72088	72098	731.2843
72089	72097	766.6232
73986	73998	543.7275
73988	73998	731.2843
74110	74118	516.0707
74112	74118	883.5764
74120	74132	596.6364
74122	74132	593.197
74124	74132	783.823
76060	76072	531.4098
76061	76073	1900.269
76062	76074	1820.585
76063	76073	2659.79
76064	76074	731.2843
76065	76073	908.3955
77494	77506	663.3761
77496	77506	612.3848
79871	79881	597.9317
79873	79881	908.3955
81042	81050	766.6232
81335	81345	501.5704
81337	81345	650.9198
81742	81754	1537.206
81743	81755	1953.912
81744	81756	13072.54
81745	81757	6017.919
81746	81756	2183.574
81747	81757	2183.574
81748	81756	766.6232
82884	82894	531.7901
82886	82894	783.823
83681	83693	1511.008
83682	83692	534.078
83683	83693	2091.083
83684	83692	783.823
83685	83693	650.9198
86791	86801	597.9317
86792	86804	603.5805
86793	86801	908.3955
86794	86804	833.0093
87524	87536	578.4015
87526	87538	1820.585
87528	87538	731.2843
90415	90425	612.3848
92023	92033	501.5704
92025	92033	650.9198
95850	95862	583.4285
95851	95863	744.3246
95852	95862	582.1673
95853	95863	848.0313
95854	95862	766.6232
95855	95863	783.823
97931	97943	1491.093
97932	97942	826.8355
97933	97943	2041.524
97934	97942	766.6232
97935	97943	2752.447
98234	98244	521.2534
98236	98244	783.823
99710	99720	915.9191
100399	100407	650.9198
100510	100518	587.2299
100512	100518	883.5764
103900	103910	594.914
103902	103910	908.3955
104164	104174	974.177
104165	104173	603.5805
104166	104174	908.3955
104167	104173	883.5764
106417	106425	516.0707
106419	106425	883.5764
107263	107271	2752.447
109090	109102	511.3085
109092	109102	705.4245
109094	109102	650.9198
109681	109691	612.3848
111672	111678	883.5764
111762	111774	663.8604
111763	111775	2321.26
111764	111776	2597.767
111765	111775	3428.529
111766	111776	2659.79
111767	111775	3428.529
111768	111776	783.823
112795	112807	995.7308
112796	112808	2524.967
112797	112809	2997.09
112799	112809	1202.592
112913	112921	2752.447
113774	113786	683.0489
113775	113787	683.0489
117693	117705	706.4603
117694	117704	2779.551
117695	117705	915.9191
117992	118004	524.9901
117993	118003	523.1181
117994	118004	712.187
117995	118003	766.6232
122231	122241	597.9317
122233	122241	908.3955
123745	123755	597.9317
123747	123755	908.3955
124588	124594	883.5764
128456	128468	1842.353
128457	128469	676.5865
128458	128468	2541.412
128459	128469	833.0093
128460	128468	766.6232
130599	130609	594.4842
130601	130609	766.6232
132859	132871	571.3607
138794	138806	719.02
138796	138806	915.9191
138930	138942	1458.906
138931	138943	1571.259
138932	138942	2210.038
138933	138943	2218.936
138934	138942	3428.529
138935	138943	3428.529
138936	138942	883.5764
140370	140380	523.1181
140372	140380	766.6232
140628	140640	1711.765
140629	140639	778.6195
140630	140640	2183.574
140631	140639	766.6232
140632	140640	766.6232
145157	145165	516.0707
145159	145165	883.5764
146695	146703	516.0707
146697	146703	883.5764
147236	147248	959.6069
148363	148375	758.1774
148365	148375	915.9191
148367	148375	908.3955
149338	149350	650.9198
149340	149350	907.7149
151063	151073	512.4032
151065	151073	766.6232
152778	152788	593.197
152779	152787	2752.447
152780	152788	783.823
155155	155165	974.177
155156	155166	606.2072
155157	155165	908.3955
155158	155166	783.823
157856	157868	902.2897
157857	157869	5162.693
157858	157870	3140.96
157859	157869	6565.992
157860	157872	1183.391
157861	157869	650.9198
160082	160090	587.2299
160083	160091	980.8116
160084	160090	883.5764
161401	161413	962.5019
161402	161414	3104.952
161403	161413	1201.671
162194	162206	588.9281
162195	162207	2062.843
162196	162208	6623.076
162197	162209	5652.202
162198	162208	6680.689
162199	162209	2091.083
162200	162208	766.6232
162608	162618	523.4919
162610	162618	783.823
163546	163554	516.0707
163548	163554	883.5764
166127	166139	849.9296
166128	166140	4576.539
166129	166139	1030.205
166130	166140	1733.503
170845	170857	547.2477
170847	170859	1820.585
170848	170860	1201.671
170849	170861	768.3246
170850	170860	1117.472
174010	174018	650.9198
174253	174265	614.1623
174832	174842	523.1181
174834	174842	766.6232
179722	179734	1428.577
179724	179736	7421.624
179725	179737	6326.427
179726	179736	10894.72
179727	179737	8485.756
179728	179736	3428.529
179729	179737	2752.447
183513	183519	883.5764
184424	184434	678.5679
184425	184435	606.2072
184426	184434	908.3955
184427	184435	783.823
184749	184761	3174.797
184750	184762	1512.188
184751	184763	6442.241
184752	184764	6910.52
184753	184765	17718.99
184754	184764	6565.992
184755	184765	2183.574
184756	184766	705.4245
184804	184816	531.7901
184805	184817	1537.206
184806	184818	768.3246
184807	184817	2091.083
185170	185178	783.823
187258	187268	531.7901
187260	187268	783.823
187728	187740	536.7609
187730	187742	790.8198
187910	187922	1264.189
187914	187922	2752.447
188124	188132	766.6232
189703	189715	1406.549
189705	189715	2041.524
189706	189718	564.4132
189707	189715	2752.447
202915	202927	531.4098
202917	202927	712.187
217054	217066	1538.408
217056	217066	1824.916
217058	217066	2752.447
218940	218950	593.197
218942	218950	783.823
219480	219486	883.5764
219888	219900	1460.043
219889	219901	5471.262
219890	219900	2210.038
219891	219901	12758.04
219892	219900	3428.529
219893	219901	13713.99
219894	219900	883.5764
219895	219901	883.5764
221178	221190	580.9091
221179	221191	920.7419
221180	221190	712.187
221181	221191	1117.472
221885	221897	1579.899
221886	221898	1258.363
221887	221899	6090.891
221888	221900	1300.766
221889	221899	2659.79
221891	221899	908.3955
224134	224146	700.7836
224189	224195	883.5764
230021	230031	585.9597
230023	230031	904.32
230324	230330	883.5764
230507	230519	800.8482
231254	231266	560.7724
231255	231267	5681.35
231256	231268	2589.334
231257	231269	685.5523
231258	231268	3661.11
231259	231267	13713.99
231260	231268	3428.529
231261	231269	904.32
231542	231554	577.1522
231544	231554	785.5658
231546	231554	783.823
231919	231929	523.1181
231921	231929	766.6232
234135	234143	587.2299
234136	234144	3428.529
234137	234143	883.5764
234165	234177	1260.301
234169	234177	2752.447
235441	235451	512.4032
235443	235451	766.6232
236287	236297	778.6195
238755	238767	524.9901
238756	238768	531.7901
238757	238769	742.1338
238758	238768	712.187
239961	239973	2295.213
239962	239974	1464.598
239963	239975	10401.13
239964	239974	10894.72
239965	239975	10894.72
239966	239974	3428.529
239967	239975	3428.529
240433	240441	2752.447
243639	243647	516.0707
243641	243647	883.5764
244515	244527	552.7731
244516	244528	553.5674
244517	244527	579.6538
244518	244528	752.603
244519	244527	783.823
245981	245991	778.6195
246669	246677	650.9198
247218	247228	514.9674
247219	247229	524.9901
247220	247228	766.6232
247221	247229	766.6232
247592	247600	603.5805
247593	247601	908.3955
247594	247600	883.5764
249089	249099	1323.054
252237	252249	1632.822
252238	252250	569.7176
252239	252249	2091.083
252240	252250	712.187
252241	252249	650.9198
252760	252772	1245.839
252761	252773	1830.709
252762	252772	1824.916
252763	252773	2541.412
252764	252772	2752.447
252765	252773	766.6232
254289	254301	1209.068
254290	254302	1880.749
254291	254301	1823.471
254292	254304	2730.077
254293	254301	2752.447
254294	254304	974.177
255622	255634	706.9788
255624	255634	833.0093
255626	255634	783.823
259158	259170	2046.423
259160	259170	2391.637
259162	259170	3428.529
259164	259170	883.5764
259633	259645	674.1187
259635	259647	632.2504
259985	259995	625.8544
259987	259995	980.8116
259989	259995	883.5764
262751	262763	531.7901
262753	262763	712.187
263748	263756	783.823
263901	263911	531.7901
263903	263911	783.823
265058	265068	607.5252
265059	265067	904.32
265060	265068	908.3955
265061	265067	883.5764
265957	265969	1596.08
265958	265970	568.0797
265959	265969	2183.574
265960	265970	705.4245
265979	265991	2997.09
265980	265992	4263.555
265981	265991	1202.592
265982	265992	2943.461
265984	265992	2752.447
272408	272420	1231.555
272409	272419	512.4032
272410	272420	1823.471
272411	272419	766.6232
272412	272420	2752.447
273012	273024	524.9901
273014	273024	712.187
274973	274985	577.1522
274974	274986	510.5801
274975	274987	928.3764
274976	274988	580.0719
274977	274987	907.7149
274978	274988	546.8554
282843	282853	2091.083
289448	289460	1532.406
289449	289461	6623.076
289450	289462	5652.202
289451	289463	16739.64
289452	289462	2091.083
289453	289463	2541.412
289455	289463	766.6232
289791	289803	3738.179
289793	289805	712.7101
290719	290729	523.1181
290720	290730	534.078
290721	290729	766.6232
290722	290730	783.823
290768	290780	2442.459
290769	290781	1071.657
290770	290782	1034.114
290853	290865	591.9128
290855	290867	2608.349
290857	290867	2541.412
290859	290867	766.6232
292193	292205	569.7176
292194	292206	1294.757
292195	292207	1820.585
292196	292206	1733.503
292197	292207	731.2843
292231	292239	783.823
293105	293117	578.4015
293107	293117	712.187
299081	299093	1248.717
299083	299093	1824.916
299085	299093	2752.447
300634	300646	1567.572
300635	300647	1971.106
300636	300648	2407.153
300637	300647	2761.45
300638	300648	883.5764
300639	300647	2752.447
300736	300748	1114.919
300738	300748	606.2072
300740	300748	783.823
301304	301310	883.5764
304018	304030	1209.068
304020	304030	1824.916
304022	304030	2752.447
304041	304053	592.3405
304043	304053	731.2843
305194	305204	665.3154
305196	305204	908.3955
307814	307826	575.9058
307815	307825	632.7099
307817	307825	603.5805
307819	307825	883.5764
308229	308239	593.197
308230	308238	2752.447
308231	308239	783.823
308499	308505	883.5764
308682	308694	1632.822
308684	308694	2091.083
308686	308694	650.9198
308786	308796	665.3154
308788	308796	908.3955
311357	311369	546.8554
311359	311369	752.603
311361	311369	650.9198
311593	311605	790.8198
311595	311605	731.2843
312024	312034	594.914
312026	312034	908.3955
312162	312170	980.8116
314260	314268	2752.447
315365	315377	1532.406
315366	315378	4815.058
315367	315379	5652.202
315368	315378	6680.689
315369	315379	2091.083
315370	315378	766.6232
315397	315407	752.603
315398	315406	766.6232
315399	315407	650.9198
316095	316107	1233.449
316096	316108	1810.522
316097	316109	2164.383
316098	316108	2541.412
316099	316109	2779.551
316100	316110	778.6195
316284	316294	585.9597
316286	316294	904.32
317015	317027	583.4285
317017	317027	731.2843
317018	317026	650.9198
318254	318262	766.6232
318613	318623	594.4842
318615	318623	766.6232
318741	318753	579.2361
319105	319117	809.2106
319106	319116	659.0352
319107	319117	1138.993
319108	319116	980.8116
319109	319117	980.8116
319110	319116	883.5764
319553	319563	531.7901
319555	319563	783.823
321131	321143	1233.449
321132	321144	1375.257
321133	321145	1657.388
321134	321146	6431.114
321135	321145	28780.5
321136	321146	8485.756
321137	321145	3428.529
321138	321146	908.3955
321139	321145	883.5764
322412	322424	523.1181
322414	322424	712.187
323235	323243	587.2299
323237	323243	883.5764
323651	323663	1231.555
323652	323664	5809.516
323653	323665	5997.241
323654	323666	21732.38
323655	323667	18247.98
323656	323666	8485.756
323657	323667	2659.79
323658	323666	908.3955
323659	323667	783.823
323755	323763	587.2299
323756	323762	883.5764
323757	323763	883.5764
323880	323892	1205.363
323881	323891	594.914
323882	323892	1824.916
323883	323891	908.3955
323884	323892	2752.447
326526	326536	678.5679
326527	326535	904.32
326528	326536	908.3955
326529	326535	883.5764
326707	326717	597.9317
326708	326718	534.078
326709	326717	908.3955
326710	326718	783.823
327822	327834	692.1079
327824	327834	974.177
328140	328150	512.4032
328142	328150	650.9198
329188	329200	531.4098
329190	329200	712.187
329865	329877	531.4098
329867	329877	712.187
330406	330418	2442.459
330407	330419	1217.448
330409	330421	613.2728
331336	331348	1880.749
331337	331347	665.3154
331338	331348	2659.79
331339	331347	908.3955
331340	331348	783.823
335157	335169	507.6779
335158	335170	904.9979
335159	335171	568.0797
335160	335170	1117.472
335161	335171	705.4245
335375	335385	594.914
335376	335384	516.0707
335377	335385	908.3955
335378	335384	883.5764
336837	336849	1122.597
337480	337492	701.812
337482	337492	883.5764
337763	337771	766.6232
339090	339102	552.7731
339092	339104	657.5951
339093	339105	1596.08
339094	339104	848.0313
339095	339105	2183.574
339271	339283	1457.77
339272	339282	752.048
339273	339283	8922.646
339274	339282	904.32
339275	339283	3428.529
339276	339282	883.5764
339277	339283	883.5764
339662	339674	636.8625
339663	339675	662.8923
339664	339674	915.9191
339665	339675	980.8116
339666	339674	908.3955
339667	339675	904.32
341348	341360	936.7831
341946	341954	650.9198
342925	342937	1034.114
343102	343112	606.2072
343104	343112	783.823
343359	343369	579.6538
343360	343370	3858.662
343361	343369	783.823
343362	343370	904.32
343364	343370	883.5764
346128	346140	601.4011
346130	346140	848.0313
346132	346140	783.823
346794	346804	534.078
346796	346804	783.823
347722	347734	1114.919
347724	347734	606.2072
347726	347734	783.823
351264	351270	883.5764
352966	352976	534.078
352968	352976	783.823
357006	357018	1498.089
357007	357019	2140.219
357008	357020	612.3848
357009	357019	2962.843
357010	357020	8922.646
357011	357019	2752.447
357012	357020	783.823
357177	357187	974.177
357179	357187	908.3955
357796	357806	607.5252
357798	357806	908.3955
357820	357832	1701.006
357821	357833	1431.913
357822	357832	2173.083
357823	357833	1515.735
357824	357832	783.823
357825	357833	904.32
357827	357833	883.5764
367749	367761	534.078
367750	367762	752.603
367751	367761	705.4245
367752	367762	731.2843
367753	367761	650.9198
370971	370979	516.0707
370972	370980	587.2299
370973	370979	883.5764
370974	370980	883.5764
371347	371359	1234.398
371349	371361	2082.734
371351	371361	2962.843
373844	373856	663.3761
373846	373856	612.3848
373996	374006	778.6195
375705	375713	516.0707
375707	375713	883.5764
376599	376609	594.914
376601	376609	908.3955
377423	377433	594.914
377425	377433	908.3955
377999	378009	512.4032
378001	378009	766.6232
380422	380432	546.8554
381706	381712	883.5764
383788	383798	612.8286
383790	383798	908.3955
383943	383951	980.8116
383945	383951	883.5764
384108	384114	883.5764
384186	384192	883.5764
384451	384463	657.5951
384452	384464	1596.08
384453	384465	3039.246
384454	384464	2183.574
384455	384465	1220.255
385454	385466	1657.388
385456	385468	2360.927
385457	385467	974.177
385458	385466	3428.529
385459	385467	908.3955
385460	385468	904.32
387637	387645	908.3955
388499	388509	594.4842
388501	388509	766.6232
388806	388814	2752.447
389808	389820	692.1079
389809	389819	2183.574
389810	389820	974.177
389811	389819	766.6232
390068	390078	583.8495
390070	390078	587.2299
390072	390078	883.5764
391725	391737	1232.502
391727	391737	1824.916
391729	391737	2752.447
392250	392262	4615.4
393997	394005	766.6232
394383	394393	531.7901
394385	394393	783.823
395534	395542	516.0707
395536	395542	883.5764
397031	397041	534.078
397033	397041	783.823
398899	398909	514.9674
398900	398910	534.078
398901	398909	766.6232
398902	398910	783.823
398985	398995	826.8355
398986	398996	606.2072
398987	398995	766.6232
398988	398996	783.823
399189	399195	883.5764
400020	400032	578.4015
400022	400032	712.187
400163	400169	883.5764
400800	400812	523.1181
400801	400813	1589.835
400802	400814	780.9275
400803	400813	2183.574
400805	400813	766.6232
401193	401205	583.4285
401194	401206	790.8198
401195	401205	582.1673
401196	401206	731.2843
401197	401205	766.6232
401823	401835	630.8738
401825	401835	883.5764
401826	401836	6565.992
401827	401839	880.2792
401828	401836	650.9198
402186	402194	904.32
402606	402618	779.1958
402607	402619	860.1321
404055	404067	1122.597
404057	404069	1472.608
404058	404070	1164.52
404059	404071	732.3615
405023	405035	662.8923
405024	405036	683.0489
407132	407142	612.3848
407723	407731	516.0707
407725	407731	883.5764
409219	409229	512.4032
409221	409229	766.6232
412089	412095	883.5764
417356	417366	523.1181
417357	417367	534.078
417358	417366	766.6232
417359	417371	878.9641
417578	417590	1390.269
417580	417592	2297.063
417582	417592	2943.461
419875	419887	1492.256
419876	419888	6554.638
419877	419887	2226.082
419878	419888	9559.576
419879	419887	3428.529
419880	419888	13713.99
419881	419887	883.5764
419882	419888	883.5764
421047	421059	644.7873
421049	421059	907.7149
421051	421059	783.823
422963	422975	624.04
422964	422976	649.499
422965	422977	871.1179
422966	422978	1354.114
422967	422979	1143.351
424909	424921	800.8482
428051	428061	501.5704
428052	428062	1117.472
428053	428061	650.9198
429245	429257	603.5805
429247	429257	833.0093
435625	435635	531.7901
435626	435636	826.2209
435627	435635	783.823
435628	435636	766.6232
435840	435850	907.7149
435841	435849	2752.447
435842	435850	783.823
436045	436055	521.2534
436046	436056	607.5252
436047	436055	783.823
436048	436056	908.3955
436506	436518	629.5006
436507	436517	678.5679
436508	436518	848.0313
436509	436517	908.3955
436510	436518	783.823
438716	438726	523.1181
438718	438726	766.6232
442953	442961	766.6232
449874	449886	1458.906
449875	449887	639.6473
449876	449886	2210.038
449877	449887	907.7149
449878	449886	3428.529
449880	449886	883.5764
450613	450623	590.6316
450615	450623	783.823
452483	452489	883.5764
453189	453201	663.8604
453191	453201	915.9191
453193	453201	908.3955
456698	456710	1456.636
456699	456709	575.491
456700	456710	2210.038
456701	456709	904.32
456702	456710	3428.529
456703	456709	883.5764
456704	456710	883.5764
460249	460259	675.5983
460251	460259	904.32
471748	471756	650.9198
475943	475953	594.4842
475945	475953	766.6232
480161	480173	1469.169
480163	480173	612.3848
481886	481898	1830.709
481887	481899	1953.912
481888	481900	2608.349
481889	481899	2541.412
481890	481900	826.8355
481891	481899	766.6232
482330	482340	2173.083
483572	483582	612.3848
486123	486135	614.6076
489238	489246	783.823
495295	495305	1116.621
499513	499523	607.5252
499515	499523	908.3955
500013	500019	883.5764
500929	500939	523.1181
500931	500939	766.6232
502346	502356	612.3848
504638	504650	583.4285
507106	507116	1202.592
511861	511873	540.6191
511863	511873	512.4032
511865	511873	650.9198
514322	514334	1874.786
514324	514334	2659.79
514326	514334	783.823
514804	514814	612.3848
515171	515181	590.6316
515173	515181	783.823
515693	515705	1589.835
515694	515704	915.9191
515695	515705	2183.574
515696	515704	908.3955
515697	515705	766.6232
519824	519836	882.2559
519825	519837	603.5805
519826	519836	1220.255
519827	519839	1273.964
519828	519840	533.3142
520249	520259	594.914
520251	520259	908.3955
520983	520995	601.4011
520984	520996	595.3441
520985	520997	2278.634
520986	520996	826.2209
520987	520997	2173.083
522694	522706	1234.398
522695	522707	5809.516
522696	522708	5997.241
522697	522709	21732.38
522698	522708	8485.756
522699	522709	8485.756
522700	522708	908.3955
522701	522709	908.3955
523410	523418	783.823
524114	524120	883.5764
525271	525281	571.3607
525272	525282	752.603
525273	525281	766.6232
525679	525691	546.8554
525681	525693	879.6214
525682	525692	6680.689
525683	525693	752.603
525684	525692	766.6232
527232	527240	516.0707
527234	527240	883.5764
529471	529483	974.177
529472	529484	835.4928
529473	529485	1723.956
529474	529484	501.5704
529475	529485	2183.574
529476	529484	650.9198
530301	530309	587.2299
530303	530309	883.5764
531487	531499	1051.507
534856	534868	596.6364
534858	534868	848.0313
539438	539450	1291.765
539439	539451	1429.688
539440	539452	20785.6
539441	539453	198956.2
539442	539454	198956.2
539443	539455	68804.91
539444	539454	28780.5
539445	539455	10894.72
539446	539454	3428.529
539447	539455	3428.529
539448	539456	904.32
543968	543980	1209.068
543969	543981	1457.77
543970	543982	5997.241
543971	543981	8922.646
543972	543982	8485.756
543973	543981	3428.529
543974	543982	908.3955
543975	543983	904.32
548258	548270	1537.206
548259	548271	1632.822
548260	548272	4860.206
548261	548273	5652.202
548262	548272	731.2843
548263	548273	2091.083
554055	554067	601.4011
554057	554067	848.0313
554059	554067	783.823
558080	558092	1469.169
558081	558093	936.7831
558082	558094	674.1187
558854	558864	512.4032
558856	558864	650.9198
561081	561093	1587.345
561082	561094	776.8933
561083	561093	2173.083
561084	561094	948.8341
561482	561494	830.5338
563812	563824	826.2209
563813	563825	826.2209
565338	565348	612.8286
565339	565349	675.5983
565340	565348	908.3955
565341	565349	904.32
565805	565813	587.2299
565806	565814	587.2299
565807	565813	883.5764
565808	565814	883.5764
565998	566006	516.0707
566000	566006	883.5764
567747	567759	2101.149
567749	567759	2173.083
567751	567759	783.823
568341	568351	2091.083
568813	568825	1295.757
568814	568826	2119.738
568815	568827	2276.8
568816	568826	2183.574
568817	568827	2183.574
568818	568826	766.6232
569495	569507	921.4331
569496	569508	2218.936
569497	569509	1686.331
569498	569510	2276.8
569499	569509	2091.083
569500	569510	826.2209
573076	573088	1031.767
573077	573089	1122.597
573078	573088	1430.8
573079	573089	1430.8
573096	573108	1658.692
573097	573107	2091.083
573098	573108	2091.083
573860	573872	1536.004
573861	573873	671.6607
573863	573875	2409.1
573864	573876	18180.95
573865	573877	4831.423
573866	573878	4831.423
573867	573879	1469.169
573868	573878	612.3848
574826	574836	575.491
574828	574836	904.32
574830	574836	883.5764
575780	575788	766.6232
580811	580821	612.3848
586267	586279	537.5302
586269	586279	659.0352
586271	586279	980.8116
586273	586279	883.5764
589613	589623	534.078
589614	589622	908.3955
589615	589623	783.823
591322	591332	665.3154
591323	591331	516.0707
591324	591332	908.3955
591325	591331	883.5764
591973	591981	766.6232
596208	596216	587.2299
596209	596217	13713.99
596210	596216	883.5764
596211	596217	883.5764
599081	599093	5623.214
599082	599092	583.8495
599083	599093	8636.407
599084	599092	587.2299
599085	599093	13713.99
599086	599092	883.5764
599087	599093	883.5764
600168	600180	574.6623
600169	600181	531.4098
600170	600180	778.6195
600171	600181	712.187
600172	600180	766.6232
601233	601245	1472.608
601235	601247	2510.672
601237	601247	3661.11
601238	601248	546.8554
601239	601247	980.8116
602745	602757	1205.363
602746	602758	1900.269
602747	602757	2761.45
602748	602758	2659.79
602749	602757	2752.447
602750	602758	908.3955
602873	602883	625.8544
602875	602883	980.8116
602876	602884	3428.529
602877	602883	883.5764
607349	607357	516.0707
607351	607357	883.5764
609131	609143	716.91
609132	609144	1512.188
609133	609143	1057.108
609134	609144	907.7149
609135	609143	904.32
609136	609144	783.823
610642	610652	594.914
610644	610652	908.3955
610666	610678	577.1522
613899	613911	1429.688
613900	613912	2067.796
613901	613913	2067.796
613902	613914	34890.67
613903	613913	28780.5
613904	613914	38833.58
613905	613913	3428.529
613906	613914	13713.99
613907	613913	883.5764
613908	613914	883.5764
616952	616964	1435.257
616953	616965	5580.029
616954	616964	2180.071
616955	616965	8636.407
616956	616964	3428.529
616957	616965	13713.99
616958	616964	883.5764
616959	616965	883.5764
617353	617365	1701.006
617354	617364	582.1673
617355	617365	2173.083
617356	617364	766.6232
617357	617365	783.823
618292	618304	1232.502
618293	618305	1903.291
618294	618304	1824.916
618295	618305	2659.79
618296	618304	2752.447
618297	618305	783.823
623127	623137	524.9901
623129	623137	766.6232
623413	623423	1090.564
626134	626144	607.5252
626135	626145	848.0313
626136	626144	908.3955
626137	626145	783.823
626551	626561	524.9901
626552	626562	665.3154
626553	626561	766.6232
626554	626562	908.3955
627183	627195	601.4011
627184	627196	1830.709
627185	627197	6560.313
627186	627198	6017.919
627187	627199	16271.57
627188	627200	13072.54
627189	627199	2091.083
627190	627200	2091.083
627192	627200	650.9198
627660	627670	531.7901
627662	627670	783.823
633799	633809	534.078
633801	633809	783.823
639426	639438	2140.219
639427	639439	1456.636
639428	639438	2962.843
639429	639439	883.5764
639430	639438	2752.447
639431	639439	766.6232
639585	639597	1469.169
639587	639597	612.3848
642531	642543	717.9641
642532	642544	4831.423
642533	642543	948.8341
642534	642544	2173.083
642536	642544	783.823
645384	645396	2140.219
645385	645397	1456.636
645386	645396	2962.843
645387	645397	883.5764
645388	645396	2752.447
645389	645397	766.6232
645543	645555	1469.169
645545	645555	612.3848
647948	647956	2752.447
650139	650147	766.6232
655422	655434	640.1127
655424	655434	915.9191
657346	657356	659.0352
657348	657356	904.32
660731	660741	581.7475
660732	660740	2752.447
660733	660741	766.6232
661576	661586	883.5764
661578	661586	766.6232
668955	668965	612.8286
668956	668964	603.5805
668957	668965	908.3955
668958	668964	883.5764
670122	670134	2057.902
670124	670134	2962.843
670125	670135	2943.461
670126	670134	2752.447
670515	670523	783.823
674492	674504	618.1825
674493	674503	582.1673
674494	674504	826.8355
674495	674503	766.6232
674496	674504	766.6232
677015	677027	1596.08
677016	677028	1658.692
677017	677027	2183.574
677018	677028	2091.083
677802	677812	534.078
677804	677812	783.823
679331	679343	984.5185
679332	679344	529.8916
680875	680885	6565.992
680877	680885	650.9198
681796	681808	578.4015
681798	681808	712.187
683183	683193	524.9901
683185	683193	766.6232
684637	684649	1903.291
684638	684650	2772.748
684639	684651	2679.36
684640	684652	3917.174
684641	684653	1273.964
685721	685729	650.9198
690224	690234	581.7475
690226	690234	766.6232
690798	690810	710.0987
690800	690810	974.177
690801	690811	974.177
690802	690810	908.3955
691455	691467	534.8431
691457	691467	731.2843
691458	691466	650.9198
691969	691977	516.0707
691970	691978	587.2299
691971	691977	883.5764
691972	691978	883.5764
693295	693307	1413.119
693296	693308	1164.52
693297	693307	1323.054
698590	698602	1711.765
698592	698602	2183.574
698594	698602	766.6232
698705	698713	603.5805
698707	698713	883.5764
702610	702620	531.7901
702611	702621	603.5805
702612	702620	783.823
702613	702621	904.32
702615	702621	883.5764
703407	703419	1723.956
703408	703420	1658.692
703409	703421	2218.936
703410	703420	2091.083
703518	703530	966.8622
703520	703530	1323.054
708506	708518	4746.16
708507	708519	904.9979
708508	708518	6565.992
708509	708519	1117.472
708510	708518	650.9198
710237	710247	607.5252
710238	710248	534.078
710239	710247	908.3955
710240	710248	783.823
710440	710448	603.5805
710442	710448	883.5764
712463	712473	521.2534
712465	712473	783.823
712562	712572	678.5679
712564	712572	908.3955
712620	712630	583.8495
712622	712630	587.2299
712624	712630	883.5764
714232	714242	534.078
714234	714242	783.823
714964	714976	710.0987
714966	714976	974.177
714967	714977	974.177
714968	714976	908.3955
718322	718334	690.0836
718323	718333	6565.992
718324	718334	883.5764
718325	718333	783.823
719211	719223	672.1516
719213	719223	826.8355
721558	721566	650.9198
722024	722032	2752.447
723379	723391	583.4285
723381	723391	731.2843
723862	723872	594.914
723864	723872	908.3955
724220	724228	650.9198
725044	725050	883.5764
725548	725560	2653.301
725549	725561	575.9058
725550	725562	3713.33
725551	725563	613.2728
725552	725562	3661.11
725553	725563	546.8554
725554	725562	980.8116
727860	727870	590.6316
727862	727870	783.823
728792	728802	594.4842
728794	728802	766.6232
729095	729105	597.9317
729096	729104	516.0707
729097	729105	908.3955
729098	729104	883.5764
729559	729571	681.5517
729560	729572	1270.044
729561	729573	828.6824
729562	729572	1117.472
729563	729573	705.4245
730056	730068	1433.027
730057	730069	1604.866
730058	730068	2210.038
730059	730069	2391.637
730060	730068	3428.529
730061	730069	3428.529
730062	730068	883.5764
730063	730069	883.5764
730730	730740	612.3848
732463	732475	1034.114
733166	733178	882.2559
733168	733178	1220.255
735030	735040	590.6316
735032	735040	783.823
737031	737043	1686.331
737033	737043	2091.083
740299	740307	587.2299
740301	740307	883.5764
741400	741412	5884.856
741401	741413	2025.286
741402	741412	8323.257
741403	741413	2659.79
741404	741412	2752.447
741405	741413	908.3955
745138	745148	607.5252
745140	745148	908.3955
745454	745464	607.5252
745456	745464	908.3955
745526	745538	543.7275
745528	745538	731.2843
745529	745537	650.9198
750236	750248	534.8431
750238	750250	752.603
751087	751099	505.5131
751089	751099	678.5679
751091	751099	908.3955
752171	752179	766.6232
752572	752582	571.3607
752574	752582	766.6232
753310	753322	520.5095
753312	753322	752.603
753314	753322	650.9198
753345	753357	965.4064
753346	753358	971.2439
753347	753359	2555.896
753348	753358	1202.592
755212	755222	2091.083
755214	755222	650.9198
756065	756075	524.9901
756067	756075	766.6232
756628	756638	948.8341
759796	759808	1120.031
759798	759808	1033.331
769364	769376	1290.769
769365	769377	2378.149
769366	769376	2036.638
769367	769377	3372.187
769368	769376	2752.447
769369	769377	3428.529
769371	769377	883.5764
770579	770591	553.5674
770581	770591	752.603
770865	770873	516.0707
770867	770873	883.5764
775357	775369	592.3405
775358	775370	2062.843
775359	775371	1820.585
775360	775370	2091.083
775361	775371	712.187
775362	775370	650.9198
783865	783873	516.0707
783867	783873	883.5764
784917	784927	527.2462
784919	784927	766.6232
785028	785038	523.1181
785029	785039	534.078
785030	785038	766.6232
785031	785039	783.823
788246	788258	1290.769
788247	788259	2378.149
788248	788258	2036.638
788249	788259	3372.187
788250	788258	2752.447
788251	788259	3428.529
788253	788259	883.5764
789461	789473	553.5674
789463	789473	752.603
789747	789755	516.0707
789749	789755	883.5764
792467	792479	583.4285
792910	792920	612.8286
792912	792920	908.3955
794081	794093	683.0489
801346	801352	883.5764
801933	801941	650.9198
803620	803632	1143.351
803621	803633	1354.114
803622	803634	871.1179
803623	803633	915.9191
803624	803634	848.0313
803625	803633	908.3955
807790	807802	630.8738
807792	807802	883.5764
807794	807802	766.6232
809181	809191	512.4032
809183	809191	650.9198
810271	810281	659.0352
810273	810281	904.32
814841	814851	527.2462
814843	814851	766.6232
814952	814962	523.1181
814953	814963	534.078
814954	814962	766.6232
814955	814963	783.823
818170	818182	1290.769
818171	818183	2378.149
818172	818182	2036.638
818173	818183	3372.187
818174	818182	2752.447
818175	818183	3428.529
818177	818183	883.5764
819385	819397	553.5674
819387	819397	752.603
819671	819679	516.0707
819673	819679	883.5764
822400	822412	583.4285
822843	822853	612.8286
822845	822853	908.3955
824014	824026	683.0489
838348	838360	503.0002
838350	838360	612.3848
839024	839036	531.4098
839025	839037	574.6623
839026	839036	712.187
839027	839037	778.6195
839029	839037	766.6232
845261	845271	826.2209
847018	847030	518.2849
847020	847030	705.4245
848616	848626	607.5252
848618	848626	908.3955
849458	849470	608.8464
849460	849470	705.4245
849462	849470	650.9198
849811	849823	595.3441
849813	849823	826.2209
853694	853706	529.8916
853696	853706	705.4245
853698	853706	650.9198
853963	853975	583.4285
853964	853976	4815.058
853965	853977	659.0352
853966	853976	6680.689
853967	853979	1280.855
853968	853976	766.6232
857104	857116	580.9091
857106	857116	712.187
857448	857456	650.9198
857985	857997	2218.936
857986	857998	657.5951
858656	858662	883.5764
862289	862301	5471.262
862291	862301	8636.407
862292	862302	714.2819
862293	862301	13713.99
862294	862302	980.8116
862295	862301	883.5764
863495	863507	578.4015
863497	863509	1820.585
863498	863510	510.9442
863499	863509	731.2843
864234	864244	512.4032
864236	864244	650.9198
864984	864994	523.1181
864986	864994	766.6232
866783	866795	660.4787
866785	866795	752.603
866787	866795	650.9198
868270	868282	706.4603
868272	868282	915.9191
871061	871073	1428.577
871062	871074	1434.142
871063	871073	2171.34
871064	871074	2218.936
871065	871073	3428.529
871066	871074	3428.529
871067	871073	883.5764
872042	872052	534.078
872044	872052	783.823
873850	873862	592.3405
873852	873862	731.2843
874809	874821	632.2504
874811	874823	674.1187
875872	875882	514.9674
875874	875882	766.6232
879001	879013	712.7101
879002	879014	1817.704
879003	879015	632.2504
880877	880885	587.2299
880879	880885	883.5764
882255	882267	1142.478
882256	882268	2524.967
882257	882269	4750.184
882258	882268	3185.287
882259	882269	3428.529
882260	882268	3428.529
882261	882269	3428.529
882262	882268	883.5764
882474	882486	1232.502
882475	882487	535.9929
883254	883266	1429.688
883255	883267	5457.242
883256	883268	2510.672
883257	883267	12758.04
883258	883268	3661.11
883259	883267	13713.99
883260	883268	980.8116
883261	883267	883.5764
883364	883374	534.078
883366	883374	783.823
883508	883514	883.5764
885248	885260	584.2709
885250	885260	826.2209
885579	885587	516.0707
885581	885587	883.5764
885966	885972	883.5764
886404	886416	533.3142
886405	886417	1690.32
886406	886418	692.1079
886407	886417	2183.574
886408	886418	974.177
886409	886417	766.6232
886468	886474	883.5764
889216	889224	650.9198
890744	890754	581.7475
890746	890754	766.6232
891304	891310	883.5764
891542	891554	2052.974
891544	891556	2730.077
891545	891557	1290.769
891546	891558	3403.051
891547	891559	7973.084
891548	891560	2997.09
891549	891561	1197.99
891550	891562	995.7308
894357	894369	1290.769
894358	894370	2378.149
894359	894369	2036.638
894360	894370	3372.187
894361	894369	2752.447
894362	894370	3428.529
894364	894370	883.5764
895572	895584	553.5674
895574	895584	752.603
895858	895866	516.0707
895860	895866	883.5764
904522	904532	594.914
904524	904532	908.3955
905895	905907	663.3761
905896	905908	1001.01
905897	905909	674.1187
906278	906286	783.823
912311	912323	523.1181
912312	912322	531.7901
912313	912323	712.187
912314	912322	783.823
914136	914146	514.9674
914138	914146	766.6232
919406	919414	516.0707
919408	919414	883.5764
919519	919529	785.5658
920845	920857	553.5674
920847	920857	752.603
921466	921474	650.9198
921855	921867	580.9091
921857	921869	768.3246
923420	923428	904.32
926631	926643	5457.242
926632	926644	1622.596
926633	926643	8636.407
926634	926644	2442.459
926635	926643	13713.99
926636	926644	3428.529
926637	926643	883.5764
927594	927600	883.5764
929975	929983	587.2299
929977	929983	883.5764
931184	931192	587.2299
931186	931192	883.5764
932276	932288	592.3405
932278	932288	731.2843
934224	934236	625.8544
934225	934237	896.2283
934226	934238	1456.636
934227	934237	1202.592
937167	937177	523.1181
937169	937177	766.6232
941755	941765	512.4032
941757	941765	650.9198
942231	942243	922.1249
942232	942244	3104.952
942233	942243	1116.621
942234	942244	1323.054
943474	943482	603.5805
943476	943482	883.5764
952200	952210	612.3848
952614	952626	2160.913
952615	952627	8433.689
952616	952628	3520.778
952617	952627	12758.04
952618	952628	3661.11
952619	952627	13713.99
952620	952628	980.8116
952621	952627	883.5764
953696	953706	607.5252
953697	953705	516.0707
953698	953706	908.3955
953699	953705	883.5764
956205	956211	883.5764
959962	959970	980.8116
959963	959971	980.8116
959964	959970	883.5764
962925	962937	1233.449
962929	962937	2752.447
967440	967446	883.5764
967643	967653	531.7901
967645	967653	783.823
972537	972549	543.7275
972538	972548	705.4245
972539	972549	731.2843
972540	972548	650.9198
973007	973019	1924.592
973008	973020	7692.106
973009	973019	2779.551
973010	973020	8323.257
973011	973019	2752.447
973012	973020	2752.447
974831	974841	607.5252
974832	974840	516.0707
974833	974841	908.3955
974834	974840	883.5764
975354	975364	678.5679
975356	975364	908.3955
984905	984917	1213.716
984906	984918	1880.749
984907	984917	2036.638
984908	984918	2659.79
984909	984917	2752.447
984910	984918	908.3955
985004	985014	523.1181
985006	985014	766.6232
985421	985427	883.5764
985852	985864	882.2559
985853	985865	4746.16
985854	985866	1326.125
985855	985865	6565.992
985857	985865	650.9198
986889	986901	543.7275
986891	986903	1820.585
986893	986905	731.8227
998246	998254	650.9198
999771	999781	534.078
999772	999780	766.6232
999773	999781	783.823
1002984	1002994	546.8554
1004782	1004792	907.7149
1005698	1005710	538.6863
1005700	1005710	546.8554
1007564	1007576	1231.555
1007566	1007576	1823.471
1007568	1007576	2752.447
1009004	1009016	511.3085
1009006	1009018	828.6824
1009008	1009018	752.603
1009437	1009445	516.0707
1009439	1009445	883.5764
1012523	1012535	632.2504
1012524	1012536	1817.704
1012525	1012537	712.7101
1012526	1012536	1733.503
1012786	1012798	1589.835
1012787	1012799	1537.206
1012788	1012800	2276.8
1012789	1012799	2091.083
1012790	1012800	826.2209
1014196	1014202	883.5764
1019766	1019778	583.4285
1019767	1019779	674.1187
1019768	1019780	583.4285
1019769	1019781	929.0738
1019878	1019890	536.7609
1019879	1019891	1656.085
1019880	1019890	731.2843
1019881	1019891	2091.083
1019883	1019891	650.9198
1020535	1020547	1532.406
1020536	1020548	1632.822
1020537	1020547	2091.083
1020538	1020548	2091.083
1020539	1020547	650.9198
1020540	1020548	650.9198
1020557	1020567	712.187
1027461	1027467	883.5764
1028312	1028324	1515.735
1028313	1028325	1929.19
1028314	1028324	974.177
1028315	1028325	2041.524
1028316	1028324	908.3955
1028317	1028325	2752.447
1028863	1028875	1032.548
1028864	1028876	535.9929
1030314	1030322	516.0707
1030316	1030322	883.5764
1031745	1031755	575.491
1031747	1031755	904.32
1031749	1031755	883.5764
1032790	1032798	766.6232
1043256	1043266	594.914
1043258	1043266	908.3955
1045446	1045454	650.9198
1048772	1048782	826.2209
1050884	1050894	524.9901
1050886	1050894	766.6232
1053846	1053858	698.7317
1053847	1053857	678.5679
1053848	1053858	980.8116
1053849	1053857	908.3955
1053850	1053858	904.32
1060735	1060745	579.6538
1060737	1060745	783.823
1061740	1061752	1457.77
1061741	1061753	5575.252
1061742	1061754	27689.53
1061743	1061755	26467.45
1061744	1061756	94590.41
1061745	1061755	38833.58
1061746	1061756	38833.58
1061747	1061755	3428.529
1061748	1061756	3428.529
1066552	1066564	895.5575
1066553	1066565	1164.52
1066554	1066564	1201.671
1069316	1069328	1532.406
1069317	1069329	1743.107
1069318	1069328	2091.083
1069319	1069329	712.187
1069320	1069328	650.9198
1070131	1070141	535.9929
1070133	1070141	783.823
1070802	1070814	5884.856
1070803	1070815	2025.286
1070804	1070814	8323.257
1070805	1070817	6408.923
1070806	1070816	2779.551
1070807	1070817	2659.79
1070809	1070817	783.823
1071346	1071358	4746.16
1071348	1071358	6565.992
1071350	1071358	650.9198
1072175	1072185	752.603
1072176	1072188	1280.855
1072177	1072189	921.4331
1072487	1072499	1563.894
1072488	1072500	981.5517
1072489	1072501	2278.634
1072490	1072500	1220.255
1072491	1072501	848.0313
1076102	1076114	543.7275
1076104	1076114	731.2843
1079492	1079500	516.0707
1079494	1079500	883.5764
1079659	1079667	516.0707
1079661	1079667	883.5764
1080698	1080710	1428.577
1080699	1080711	5570.48
1080700	1080712	7421.624
1080701	1080711	8636.407
1080702	1080712	10894.72
1080703	1080711	13713.99
1080704	1080712	3428.529
1080705	1080713	904.32
1080885	1080895	534.078
1080887	1080895	783.823
1081301	1081313	1245.839
1081302	1081314	5981.782
1081303	1081315	5905.121
1081304	1081314	8485.756
1081305	1081315	8323.257
1081306	1081314	2752.447
1081307	1081315	766.6232
1081347	1081355	650.9198
1082260	1082270	514.9674
1082262	1082270	766.6232
1082571	1082581	531.7901
1082573	1082581	783.823
1083459	1083471	583.4285
1085785	1085793	766.6232
1086282	1086290	603.5805
1086284	1086290	883.5764
1086980	1086990	705.4245
1086982	1086990	650.9198
1090330	1090342	543.7275
1090332	1090342	731.2843
1092816	1092828	1498.089
1092817	1092829	1433.027
1092818	1092830	612.3848
1092819	1092829	2962.843
1092820	1092830	8922.646
1092821	1092829	2752.447
1092822	1092830	783.823
1093474	1093486	970.5122
1093475	1093487	1390.269
1093476	1093488	1493.421
1093477	1093487	1323.054
1093478	1093488	505.8732
1094533	1094543	531.7901
1094535	1094543	783.823
1094906	1094918	1440.85
1094908	1094918	2442.459
1094909	1094917	3428.529
1094910	1094918	3428.529
1097882	1097892	546.8554
1101908	1101916	783.823
1106436	1106448	1903.291
1106438	1106448	2659.79
1106440	1106448	783.823
1107152	1107162	514.9674
1107154	1107162	766.6232
1107463	1107471	2752.447
1107464	1107474	546.8554
1107672	1107684	1589.835
1107673	1107685	3855.439
1107674	1107684	2183.574
1107675	1107685	2779.551
1107676	1107688	974.177
1107677	1107689	2850.901
1107678	1107690	1692.984
1107679	1107691	701.2976
1107680	1107692	812.22
1107681	1107693	701.2976
1108706	1108714	587.2299
1108707	1108715	587.2299
1108708	1108714	883.5764
1108709	1108715	883.5764
1109107	1109115	980.8116
1110333	1110339	883.5764
1115936	1115946	531.7901
1115938	1115946	783.823
1117290	1117302	1469.169
1119728	1119740	1231.555
1119729	1119739	521.2534
1119730	1119740	1823.471
1119731	1119739	783.823
1119732	1119740	2752.447
1119803	1119815	1466.882
1119805	1119815	2218.936
1119806	1119814	587.2299
1119807	1119815	3428.529
1119808	1119814	883.5764
1120596	1120606	512.4032
1120598	1120606	650.9198
1120651	1120663	706.9788
1120652	1120664	673.6264
1120653	1120665	920.7419
1120654	1120664	678.5679
1120655	1120665	848.0313
1120656	1120664	908.3955
1121534	1121542	650.9198
1121795	1121803	766.6232
1123621	1123633	1388.114
1123623	1123633	2036.638
1123625	1123633	2752.447
1124942	1124954	531.7901
1124943	1124953	524.9901
1124944	1124954	712.187
1124945	1124953	766.6232
1125523	1125535	531.4098
1125524	1125536	1532.406
1125525	1125535	712.187
1125526	1125536	2091.083
1125528	1125536	650.9198
1126841	1126853	1469.169
1126842	1126854	2512.709
1126843	1126855	4831.423
1126844	1126854	948.8341
1126845	1126855	2173.083
1126847	1126855	783.823
1127732	1127744	592.3405
1127733	1127745	1100.572
1127734	1127744	731.2843
1127735	1127745	705.4245
1127737	1127745	650.9198
1129812	1129824	2046.423
1129813	1129825	1028.645
1129814	1129826	2524.967
1129815	1129825	665.3154
1129816	1129824	3428.529
1129817	1129825	908.3955
1129818	1129826	904.32
1129828	1129840	1100.572
1129830	1129840	705.4245
1129832	1129840	650.9198
1130003	1130013	612.3848
1132181	1132193	1290.769
1132185	1132193	2752.447
1133243	1133255	1466.882
1133244	1133256	682.0504
1133245	1133255	2218.936
1133246	1133256	974.177
1133247	1133255	3428.529
1135035	1135047	1743.107
1135036	1135048	2062.843
1135037	1135047	712.187
1135038	1135048	2091.083
1135040	1135048	650.9198
1135387	1135395	650.9198
1135812	1135824	507.3164
1135814	1135824	705.4245
1135816	1135824	650.9198
1136106	1136118	594.4842
1136108	1136120	920.7419
1136110	1136120	848.0313
1137170	1137180	521.2534
1137171	1137181	607.5252
1137172	1137180	783.823
1137173	1137181	908.3955
1138576	1138588	910.4407
1138577	1138587	1737.612
1138578	1138588	1116.621
1139204	1139216	920.7419
1139205	1139217	2180.071
1139206	1139218	1127.747
1139207	1139217	705.4245
1139244	1139254	612.3848
1142997	1143007	1323.054
1143105	1143117	1656.085
1143106	1143118	2218.936
1143107	1143117	2091.083
1143108	1143118	2183.574
1143109	1143117	650.9198
1143110	1143118	766.6232
1145585	1145597	1238.199
1145586	1145598	2997.09
1145587	1145597	1202.592
1145588	1145598	1202.592
1146197	1146209	543.7275
1146199	1146209	731.2843
1150763	1150771	650.9198
1151013	1151025	6261.244
1151014	1151026	1709.068
1151015	1151025	13565.89
1151016	1151026	38833.58
1151017	1151025	13713.99
1151018	1151026	3428.529
1151019	1151025	883.5764
1151230	1151238	516.0707
1151232	1151238	883.5764
1155108	1155120	690.0836
1155110	1155120	883.5764
1156472	1156484	560.7724
1156473	1156485	6277.472
1156474	1156486	9284.408
1156475	1156487	100462.4
1156476	1156488	13939.35
1156477	1156487	138924.1
1156478	1156486	13713.99
1156479	1156487	13713.99
1156480	1156488	980.8116
1156481	1156489	980.8116
1156930	1156938	650.9198
1162456	1162468	1209.068
1162458	1162468	1824.916
1162459	1162469	593.197
1162460	1162468	2752.447
1162461	1162469	783.823
1164468	1164478	607.5252
1164469	1164477	516.0707
1164470	1164478	908.3955
1164471	1164477	883.5764
1164561	1164571	665.3154
1164563	1164571	908.3955
1167673	1167685	505.1533
1167675	1167685	612.3848
1168955	1168965	612.3848
1169408	1169420	5494.713
1169409	1169421	6138.298
1169410	1169422	28242.77
1169411	1169421	9391.791
1169412	1169422	38833.58
1169413	1169421	13713.99
1169414	1169422	3428.529
1169415	1169427	1334.353
1169416	1169428	700.7836
1169417	1169429	507.3164
1170298	1170310	534.8431
1170299	1170311	624.04
1170300	1170312	790.8198
1170301	1170313	920.7419
1170302	1170314	1034.114
1170303	1170313	833.0093
1177756	1177768	507.6779
1177757	1177767	524.9901
1177758	1177768	501.5704
1177759	1177767	766.6232
1177760	1177768	650.9198
1181560	1181570	594.914
1181562	1181570	908.3955
1182265	1182277	513.8668
1184849	1184855	883.5764
1185356	1185366	523.1181
1185358	1185366	766.6232
1185665	1185677	613.2728
1185667	1185677	546.8554
1187190	1187202	1903.291
1187191	1187201	980.8116
1187192	1187202	2659.79
1187193	1187201	904.32
1187194	1187202	783.823
1189310	1189320	523.1181
1189312	1189320	766.6232
1190387	1190399	524.9901
1190389	1190399	712.187
1192877	1192885	650.9198
1196412	1196420	783.823
1203117	1203127	607.5252
1203118	1203126	516.0707
1203119	1203127	908.3955
1203120	1203126	883.5764
1204052	1204062	665.3154
1204053	1204063	534.078
1204054	1204062	908.3955
1204055	1204063	783.823
1204096	1204108	1438.61
1204097	1204109	684.5498
1204099	1204109	974.177
1204100	1204108	3428.529
1204101	1204109	908.3955
1204102	1204110	904.32
1204332	1204342	579.6538
1204334	1204342	783.823
1205036	1205046	534.078
1205038	1205046	783.823
1207329	1207341	625.8544
1207330	1207342	703.8738
1207331	1207341	883.5764
1207332	1207342	907.7149
1208528	1208538	535.9929
1208530	1208538	783.823
1208835	1208847	536.7609
1208837	1208847	731.2843
1211794	1211802	650.9198
1211877	1211885	904.32
1213631	1213643	1406.549
1213632	1213644	655.6803
1213633	1213643	2036.638
1213634	1213644	907.7149
1213635	1213643	2752.447
1213689	1213701	614.1623
1213795	1213807	573.0089
1213796	1213808	920.7419
1213797	1213809	828.6824
1213798	1213808	1117.472
1213799	1213809	705.4245
1214689	1214701	1953.912
1214690	1214702	4815.058
1214691	1214701	2541.412
1214692	1214702	6680.689
1214693	1214701	766.6232
1214694	1214702	766.6232
1214983	1214991	650.9198
1215171	1215181	505.8732
1216636	1216648	1830.709
1216637	1216649	1632.822
1216638	1216650	16739.64
1216639	1216651	16271.57
1216640	1216650	6680.689
1216641	1216651	6565.992
1216642	1216650	766.6232
1216643	1216651	783.823
1217903	1217915	569.7176
1217905	1217915	712.187
1218802	1218810	650.9198
1219584	1219596	5981.782
1219585	1219595	2659.79
1219586	1219596	8485.756
1219587	1219595	908.3955
1219588	1219596	2752.447
1219752	1219762	678.5679
1219754	1219762	908.3955
1219952	1219962	523.1181
1219954	1219962	766.6232
1220749	1220761	692.1079
1220751	1220761	974.177
1222680	1222692	1037.253
1222681	1222693	1122.597
1222682	1222694	1456.636
1222684	1222694	883.5764
1222686	1222694	766.6232
1228442	1228454	1589.835
1228443	1228455	2180.071
1228444	1228456	6017.919
1228445	1228457	13072.54
1228446	1228456	2541.412
1228447	1228457	2183.574
1228448	1228456	766.6232
1228449	1228457	766.6232
1228895	1228905	571.3607
1228897	1228905	766.6232
1230217	1230227	778.6195
1230971	1230983	880.2792
1230973	1230983	571.3607
1230975	1230983	766.6232
1234698	1234710	531.4098
1234700	1234710	712.187
1235232	1235242	612.8286
1235234	1235242	908.3955
1238512	1238522	524.9901
1238513	1238523	581.7475
1238514	1238522	766.6232
1238515	1238523	766.6232
1241508	1241518	531.7901
1241510	1241518	783.823
1248556	1248568	588.9281
1248557	1248569	607.5252
1248558	1248570	860.1321
1248559	1248569	848.0313
1248560	1248570	778.6195
1250714	1250726	543.7275
1250715	1250727	929.0738
1250716	1250728	4860.206
1250718	1250728	2091.083
1250720	1250728	650.9198
1253143	1253151	650.9198
1255629	1255641	673.6264
1255631	1255641	678.5679
1255633	1255641	908.3955
1258097	1258109	812.22
1258098	1258110	683.0489
1258212	1258224	531.4098
1258214	1258224	712.187
1258508	1258518	512.4032
1258510	1258518	766.6232
1261153	1261159	883.5764
1261629	1261641	625.8544
1261631	1261641	883.5764
1261773	1261783	597.9317
1261775	1261783	908.3955
1261860	1261870	597.9317
1261862	1261870	908.3955
1261881	1261893	933.9717
1261882	1261894	984.5185
1261883	1261895	786.7301
1263795	1263803	908.3955
1263810	1263818	587.2299
1263812	1263818	883.5764
1265152	1265162	612.3848
1269860	1269872	1512.188
1269862	1269872	907.7149
1269864	1269872	783.823
1273886	1273896	512.4032
1273888	1273896	650.9198
1276081	1276093	571.3607
1281588	1281600	524.9901
1281590	1281600	712.187
1282417	1282429	910.4407
1282418	1282430	6420.008
1282419	1282429	1116.621
1282420	1282430	865.283
1284153	1284161	516.0707
1284155	1284161	883.5764
1284681	1284691	523.1181
1284683	1284691	766.6232
1286130	1286142	663.3761
1286755	1286767	543.7275
1286756	1286766	705.4245
1286757	1286767	731.2843
1286758	1286766	650.9198
1286925	1286935	546.8554
1287024	1287036	1429.688
1287026	1287036	1997.999
1287028	1287036	2752.447
1292188	1292200	1545.644
1292189	1292201	2321.26
1292190	1292200	2210.038
1292191	1292201	3428.529
1292192	1292200	3428.529
1292193	1292201	3428.529
1292194	1292200	883.5764
1293249	1293259	583.8495
1293251	1293259	587.2299
1293253	1293259	883.5764
1294063	1294075	511.3085
1294065	1294077	2180.071
1294067	1294077	2091.083
1294532	1294544	543.7275
1294534	1294544	731.2843
1294634	1294640	883.5764
1294685	1294693	516.0707
1294687	1294693	883.5764
1298227	1298239	752.603
1298229	1298239	731.2843
1300466	1300478	573.0089
1300468	1300478	752.603
1300469	1300479	826.8355
1300470	1300478	650.9198
1301187	1301195	3428.529
1301481	1301489	904.32
1302815	1302827	780.9275
1302817	1302827	712.187
1304612	1304622	523.4919
1304614	1304622	783.823
1307703	1307715	1658.692
1307705	1307715	2091.083
1308033	1308043	785.5658
1310025	1310037	518.2849
1310027	1310037	705.4245
1312775	1312787	1409.83
1312776	1312788	2140.219
1312777	1312789	6442.241
1312778	1312788	2962.843
1312779	1312789	8323.257
1312780	1312788	2752.447
1312781	1312789	766.6232
1313322	1313332	512.4032
1313324	1313332	650.9198
1314179	1314187	650.9198
1314776	1314788	663.3761
1314777	1314789	860.1321
1314778	1314790	1743.107
1314780	1314790	712.187
1316623	1316635	1618.779
1316625	1316635	2432.596
1316626	1316634	783.823
1316627	1316635	3428.529
1316629	1316635	883.5764
1317339	1317349	731.2843
1317363	1317375	1537.206
1317364	1317376	572.1842
1317365	1317375	2091.083
1317366	1317376	712.187
1321942	1321952	523.4919
1321944	1321952	783.823
1325044	1325054	577.9848
1325046	1325054	904.32
1325048	1325054	883.5764
1325106	1325116	607.5252
1325108	1325116	908.3955
1325280	1325288	904.32
1328203	1328213	524.9901
1328205	1328213	766.6232
1329996	1330004	783.823
1332061	1332073	524.9901
1332063	1332073	712.187
1332095	1332107	1434.142
1332096	1332108	5981.782
1332097	1332109	27122.19
1332098	1332108	8485.756
1332099	1332109	28780.5
1332100	1332108	2752.447
1332101	1332109	2752.447
1333951	1333961	612.3848
1337799	1337811	1205.363
1337801	1337811	1824.916
1337802	1337812	593.197
1337803	1337811	2752.447
1337804	1337812	783.823
1338425	1338437	679.5609
1338427	1338439	1515.735
1339090	1339096	883.5764
1339495	1339503	2752.447
1340155	1340165	826.8355
1340358	1340370	543.7275
1340360	1340370	731.2843
1341615	1341627	5829.506
1341616	1341628	967.591
1341617	1341627	8323.257
1341618	1341628	883.5764
1341619	1341627	2752.447
1343631	1343643	518.2849
1343633	1343643	705.4245
1347375	1347387	567.6711
1347377	1347387	785.5658
1347524	1347532	587.2299
1347526	1347532	883.5764
1354248	1354260	503.0002
1354250	1354260	612.3848
1356023	1356031	904.32
1357565	1357575	712.187
1361390	1361400	531.7901
1361392	1361400	783.823
1361713	1361723	607.5252
1361715	1361723	908.3955
1363295	1363307	668.724
1363296	1363308	1752.767
1363297	1363307	848.0313
1363298	1363308	2183.574
1364878	1364890	518.2849
1364880	1364892	1100.572
1366114	1366126	2524.967
1366115	1366127	2409.1
1366116	1366126	3185.287
1366117	1366127	3428.529
1366118	1366126	3428.529
1366119	1366127	3428.529
1366120	1366126	883.5764
1366125	1366137	536.7609
1366127	1366137	731.2843
1366128	1366136	650.9198
1367471	1367479	783.823
1368500	1368512	1209.068
1368501	1368513	692.1079
1368502	1368512	2779.551
1368503	1368513	974.177
1368504	1368512	2752.447
1370115	1370123	766.6232
1374459	1374471	588.9281
1374460	1374472	1532.406
1374461	1374473	2276.8
1374462	1374472	2091.083
1374463	1374473	2183.574
1374464	1374472	650.9198
1379573	1379583	527.2462
1379574	1379584	826.8355
1379575	1379587	974.177
1379576	1379584	766.6232
1382739	1382751	629.5006
1382740	1382752	742.1338
1382741	1382753	2278.634
1382742	1382754	1743.107
1382743	1382753	2173.083
1382744	1382756	632.2504
1383370	1383382	1034.114
1383371	1383383	571.3607
1383372	1383384	959.6069
1388597	1388607	607.5252
1388599	1388607	908.3955
1388833	1388843	582.1673
1388835	1388843	766.6232
1391672	1391680	783.823
1392287	1392299	1900.269
1392288	1392300	1342.635
1392289	1392299	2659.79
1392290	1392300	848.0313
1392291	1392299	908.3955
1392292	1392300	783.823
1392818	1392828	534.078
1392819	1392829	826.2209
1392820	1392828	783.823
1394923	1394931	587.2299
1394924	1394932	980.8116
1394925	1394931	883.5764
1395494	1395504	523.1181
1395495	1395505	848.0313
1395496	1395504	766.6232
1395497	1395505	783.823
1398002	1398014	5575.252
1398003	1398013	583.8495
1398004	1398014	8636.407
1398005	1398013	587.2299
1398006	1398014	13713.99
1398007	1398013	883.5764
1398008	1398014	883.5764
1398714	1398724	612.3848
1401715	1401725	665.3154
1401716	1401724	2752.447
1401717	1401725	908.3955
1403554	1403562	516.0707
1403556	1403562	883.5764
1404541	1404551	665.3154
1404543	1404551	908.3955
1406375	1406385	590.6316
1406377	1406385	783.823
1406555	1406565	705.4245
1406557	1406565	650.9198
1407270	1407282	540.6191
1407271	1407283	1280.855
1407272	1407282	512.4032
1407273	1407283	826.8355
1407274	1407282	650.9198
1407275	1407283	766.6232
1408896	1408906	590.6316
1408898	1408906	783.823
1409852	1409862	752.603
1411135	1411145	585.9597
1411137	1411145	904.32
1411792	1411802	575.491
1411793	1411803	915.9191
1411794	1411802	904.32
1411795	1411803	908.3955
1411796	1411802	883.5764
1415176	1415186	705.4245
1415330	1415342	1598.585
1415331	1415341	594.4842
1415332	1415342	2183.574
1415333	1415341	766.6232
1415334	1415342	766.6232
1417068	1417080	995.7308
1417797	1417807	524.9901
1417799	1417807	766.6232
1418971	1418979	766.6232
1420379	1420391	1209.068
1420380	1420392	1903.291
1420381	1420393	8243.249
1420382	1420394	6090.891
1420383	1420393	8323.257
1420384	1420394	2173.083
1420385	1420393	766.6232
1420847	1420859	533.3142
1420848	1420860	768.3246
1420849	1420861	981.5517
1420850	1420862	4914.146
1420851	1420863	8411.479
1420852	1420864	17718.99
1420853	1420865	8243.249
1420854	1420864	8323.257
1420855	1420865	8323.257
1420856	1420868	3855.439
1420857	1420867	778.6195
1425838	1425850	1231.555
1425840	1425850	1823.471
1425842	1425850	2752.447
1427878	1427890	649.499
1427880	1427892	1354.114
1427882	1427894	897.5714
1429421	1429431	607.5252
1429423	1429431	908.3955
1430187	1430199	1460.043
1430188	1430198	523.4919
1430189	1430199	2210.038
1430190	1430198	783.823
1430191	1430199	3428.529
1430193	1430199	883.5764
1432102	1432114	650.9198
1432104	1432114	907.7149
1432648	1432656	783.823
1432866	1432876	612.3848
1433334	1433346	1232.502
1433335	1433347	1903.291
1433336	1433348	1941.509
1433337	1433349	6090.891
1433338	1433348	2761.45
1433339	1433351	2197.646
1433554	1433566	524.9901
1433556	1433566	712.187
1434051	1434063	578.4015
1434053	1434063	712.187
1434827	1434839	583.4285
1434828	1434840	768.3246
1434829	1434841	657.1159
1434830	1434840	712.187
1434831	1434841	826.2209
1434987	1434999	2772.748
1434988	1435000	1717.172
1434989	1435001	8962.093
1434990	1435002	2197.646
1434991	1435001	1117.472
1442627	1442639	543.7275
1442628	1442640	649.499
1442629	1442639	731.2843
1442630	1442640	915.9191
1445359	1445367	783.823
1448169	1448179	678.5679
1448171	1448179	908.3955
1452498	1452510	1559.005
1452500	1452510	2173.083
1452502	1452510	783.823
1453108	1453118	524.9901
1453110	1453118	766.6232
1460417	1460427	581.7475
1460418	1460428	2761.45
1460419	1460427	766.6232
1471924	1471934	546.8554
1476568	1476578	607.5252
1476570	1476578	908.3955
1479968	1479978	607.5252
1479969	1479979	665.3154
1479970	1479978	908.3955
1479971	1479979	908.3955
1481035	1481045	501.5704
1481037	1481045	650.9198
1489536	1489548	1438.61
1489538	1489548	2180.071
1489539	1489549	635.9371
1489540	1489548	3428.529
1489541	1489549	980.8116
1489542	1489548	883.5764
1489634	1489644	531.7901
1489635	1489645	2173.083
1489636	1489644	783.823
1489637	1489645	783.823
1489646	1489658	790.8198
1489647	1489657	582.1673
1489648	1489658	731.2843
1489649	1489657	766.6232
1491132	1491142	512.4032
1491134	1491142	650.9198
1497016	1497024	904.32
1497018	1497024	883.5764
1497274	1497286	731.8227
1497305	1497315	594.914
1497307	1497315	908.3955
1499695	1499707	553.5674
1499697	1499709	1232.502
1499796	1499804	2752.447
1502467	1502479	1589.835
1502469	1502479	2173.083
1502471	1502479	783.823
1502481	1502493	601.4011
1502482	1502494	742.1338
1502483	1502495	2278.634
1502484	1502496	768.3246
1502485	1502495	2173.083
1502948	1502958	594.914
1502950	1502958	908.3955
1503707	1503719	550.0029
1503709	1503719	571.3607
1503711	1503719	766.6232
1506388	1506400	511.3085
1506390	1506400	705.4245
1506392	1506400	650.9198
1507410	1507418	516.0707
1507412	1507418	883.5764
1509207	1509217	582.1673
1509209	1509217	766.6232
1509571	1509581	607.5252
1509572	1509580	516.0707
1509573	1509581	908.3955
1509574	1509580	883.5764
1509677	1509685	783.823
1509855	1509865	569.7176
1509857	1509865	904.32
1509859	1509865	883.5764
1513490	1513500	607.5252
1513491	1513501	2659.79
1513492	1513500	908.3955
1513493	1513501	908.3955
1514390	1514400	597.9317
1514392	1514400	908.3955
1514416	1514428	1228.72
1514417	1514429	10263.19
1514418	1514430	5351.021
1514419	1514429	13565.89
1514420	1514430	3661.11
1514421	1514429	13713.99
1514422	1514430	3428.529
1514423	1514429	883.5764
1515356	1515364	516.0707
1515358	1515364	883.5764
1516163	1516171	766.6232
1517557	1517565	980.8116
1517558	1517566	3428.529
1517559	1517565	883.5764
1518078	1518088	575.491
1518079	1518089	607.5252
1518080	1518088	904.32
1518081	1518089	908.3955
1518082	1518088	883.5764
1518507	1518517	523.1181
1518509	1518517	766.6232
1518839	1518847	783.823
1519546	1519554	980.8116
1519547	1519555	3428.529
1519548	1519554	883.5764
1519654	1519662	980.8116
1519655	1519663	3428.529
1519656	1519662	883.5764
1520719	1520729	678.5679
1520720	1520728	904.32
1520721	1520729	908.3955
1520722	1520734	988.9869
1520723	1520735	698.7317
1520724	1520736	660.4787
1522248	1522256	766.6232
1522960	1522970	583.8495
1522961	1522971	635.9371
1522962	1522970	587.2299
1522963	1522971	980.8116
1522964	1522970	883.5764
1523037	1523049	606.2072
1523039	1523049	752.603
1523435	1523443	516.0707
1523437	1523443	883.5764
1523511	1523523	553.5674
1523513	1523523	752.603
1524316	1524326	583.8495
1524317	1524327	635.9371
1524318	1524326	587.2299
1524319	1524327	980.8116
1524320	1524326	883.5764
1524393	1524405	553.5674
1524395	1524405	752.603
1529621	1529627	883.5764
1530393	1530405	637.3257
1530395	1530405	883.5764
1531849	1531861	3738.179
1531850	1531862	2595.656
1531851	1531863	1743.107
1531852	1531864	1108.987
1531853	1531863	712.187
1532960	1532972	1457.77
1532961	1532973	1657.388
1532963	1532973	2492.419
1532964	1532972	3428.529
1532965	1532973	3428.529
1532966	1532974	904.32
1533956	1533968	700.7836
1534182	1534192	512.4032
1534184	1534192	650.9198
1538757	1538767	590.6316
1538759	1538767	783.823
1540604	1540616	1469.169
1540605	1540617	2512.709
1540606	1540616	612.3848
1540607	1540617	948.8341
1543674	1543686	577.1522
1544042	1544054	822.5434
1544044	1544054	1117.472
1544045	1544053	650.9198
1545341	1545351	524.9901
1545343	1545351	766.6232
1551273	1551283	607.5252
1551275	1551283	908.3955
1551509	1551519	582.1673
1551511	1551519	766.6232
1554348	1554356	783.823
1554963	1554975	1900.269
1554964	1554976	1342.635
1554965	1554975	2659.79
1554966	1554976	848.0313
1554967	1554975	908.3955
1554968	1554976	783.823
1555494	1555504	534.078
1555495	1555505	826.2209
1555496	1555504	783.823
1557599	1557607	587.2299
1557600	1557608	980.8116
1557601	1557607	883.5764
1558170	1558180	523.1181
1558171	1558181	848.0313
1558172	1558180	766.6232
1558173	1558181	783.823
1560678	1560690	5575.252
1560679	1560689	583.8495
1560680	1560690	8636.407
1560681	1560689	587.2299
1560682	1560690	13713.99
1560683	1560689	883.5764
1560684	1560690	883.5764
1561390	1561400	612.3848
1567426	1567436	659.0352
1567428	1567436	904.32
1569288	1569298	583.8495
1569290	1569298	587.2299
1569292	1569298	883.5764
1570980	1570992	1532.406
1570981	1570993	1537.206
1570982	1570992	2091.083
1570983	1570993	2091.083
1570984	1570992	650.9198
1574215	1574225	594.914
1574217	1574225	908.3955
1574363	1574375	564.4132
1574364	1574374	1202.592
1575182	1575190	3428.529
1575575	1575585	523.1181
1575576	1575586	524.9901
1575577	1575585	766.6232
1575578	1575586	766.6232
1577132	1577144	1231.555
1577134	1577144	1823.471
1577136	1577144	2752.447
1577768	1577776	516.0707
1577770	1577776	883.5764
1578179	1578187	587.2299
1578181	1578187	883.5764
1579587	1579599	531.4098
1579588	1579598	531.7901
1579589	1579599	712.187
1579590	1579598	783.823
1581664	1581676	618.1825
1581665	1581675	678.5679
1581666	1581676	826.8355
1581667	1581675	908.3955
1581668	1581676	766.6232
1583432	1583444	1130.332
1583433	1583443	1430.8
1583434	1583444	1430.8
1583962	1583974	684.5498
1583964	1583974	974.177
1583966	1583974	908.3955
1584602	1584614	1364.641
1584604	1584616	613.2728
1584606	1584616	546.8554
1585514	1585524	665.3154
1585515	1585523	516.0707
1585516	1585524	908.3955
1585517	1585523	883.5764
1586439	1586451	768.3246
1586440	1586452	768.3246
1586441	1586453	1820.585
1586442	1586452	712.187
1586443	1586453	731.2843
1587938	1587946	650.9198
1588616	1588628	637.3257
1588617	1588629	572.1842
1588618	1588630	1354.114
1588619	1588629	712.187
1589935	1589947	524.9901
1589936	1589948	779.7725
1589937	1589947	712.187
1589938	1589948	915.9191
1589940	1589948	908.3955
1590504	1590514	612.3848
1590811	1590821	612.3848
1591118	1591128	612.3848
1597788	1597800	580.9091
1597790	1597800	833.6294
1597792	1597800	980.8116
1597793	1597801	980.8116
1597794	1597800	883.5764
1598300	1598310	524.9901
1598302	1598310	766.6232
1598467	1598479	1658.692
1598468	1598480	845.5074
1598469	1598481	648.5536
1598470	1598482	8199.953
1598471	1598481	8485.756
1598472	1598482	8485.756
1598473	1598483	974.177
1598474	1598482	2752.447
1599314	1599326	1681.028
1599315	1599325	666.2873
1599316	1599326	2492.419
1599317	1599325	980.8116
1599318	1599326	3428.529
1599319	1599325	883.5764
1599735	1599745	785.5658
1599903	1599911	650.9198
1602092	1602104	543.7275
1602093	1602103	612.3848
1602094	1602106	790.8198
1605015	1605027	603.5805
1605017	1605027	833.0093
1606000	1606012	603.5805
1606002	1606012	833.0093
1612568	1612578	659.0352
1612570	1612578	980.8116
1612572	1612578	883.5764
1612798	1612808	531.7901
1612800	1612808	783.823
1615283	1615295	644.7873
1615285	1615295	907.7149
1615286	1615296	1515.735
1615287	1615295	783.823
1615817	1615829	618.1825
1615819	1615829	826.8355
1615820	1615828	766.6232
1615821	1615829	766.6232
1616079	1616089	594.4842
1616081	1616089	766.6232
1621854	1621864	534.078
1621856	1621864	783.823
1622970	1622982	826.2209
1622973	1622985	790.8198
1622974	1622986	790.8198
1622975	1622985	731.2843
1622976	1622986	731.2843
1626037	1626047	594.914
1626039	1626047	908.3955
1626097	1626107	785.5658
1626099	1626107	783.823
1626225	1626237	536.7609
1626226	1626236	665.3154
1626227	1626237	585.9597
1626228	1626236	908.3955
1626229	1626237	904.32
1628521	1628533	706.9788
1628523	1628535	980.072
1628525	1628537	1512.188
1628526	1628538	1217.448
1628527	1628537	546.8554
1630224	1630236	1429.688
1630226	1630236	1997.999
1630228	1630236	2752.447
1631004	1631016	1545.644
1631006	1631016	2210.038
1631007	1631015	516.0707
1631008	1631016	3428.529
1631009	1631015	883.5764
1631010	1631016	883.5764
1631765	1631777	752.603
1631766	1631778	1295.757
1631767	1631779	790.8198
1631768	1631778	826.2209
1631770	1631778	766.6232
1631810	1631816	883.5764
1635800	1635812	1259.332
1635801	1635813	1657.388
1635803	1635813	3372.187
1635804	1635812	2752.447
1635805	1635813	3428.529
1635807	1635813	883.5764
1635948	1635960	571.3607
1635949	1635961	768.3246
1635951	1635961	712.187
1637088	1637100	1217.448
1638033	1638043	546.8554
1638203	1638213	512.4032
1638205	1638213	766.6232
1641851	1641863	1280.855
1641852	1641864	1071.657
1641853	1641863	826.8355
1641855	1641863	766.6232
1645599	1645609	607.5252
1645601	1645609	908.3955
1650764	1650774	523.1181
1650766	1650774	766.6232
1651220	1651230	534.078
1651222	1651234	963.953
1651223	1651235	698.7317
1651224	1651236	660.4787
1651691	1651701	524.9901
1651693	1651701	766.6232
1652899	1652909	582.1673
1652901	1652909	766.6232
1654976	1654986	778.6195
1654978	1654986	766.6232
1658811	1658823	4815.058
1658812	1658824	1953.912
1658813	1658825	16739.64
1658814	1658826	2608.349
1658815	1658825	2541.412
1658816	1658826	826.8355
1658817	1658825	766.6232
1661005	1661013	3428.529
1661247	1661259	928.3764
1661249	1661259	907.7149
1661387	1661395	908.3955
1661631	1661643	928.3764
1661633	1661643	907.7149
1661771	1661779	908.3955
1662015	1662027	928.3764
1662017	1662027	907.7149
1663125	1663137	529.8916
1663127	1663137	705.4245
1663129	1663137	650.9198
1666150	1666158	650.9198
1666800	1666812	1440.85
1666804	1666812	3428.529
1667000	1667006	883.5764
1667802	1667814	524.9901
1667804	1667816	1820.585
1667805	1667817	929.0738
1667806	1667816	731.2843
1668073	1668085	1810.522
1668074	1668086	909.7584
1668075	1668085	2541.412
1668076	1668088	1295.757
1668077	1668087	778.6195
1668960	1668968	650.9198
1669454	1669466	523.1181
1669456	1669466	712.187
1669760	1669772	1285.801
1669762	1669772	2943.461
1669764	1669772	2752.447
1670020	1670032	572.5964
1671274	1671282	516.0707
1671276	1671282	883.5764
1671313	1671325	1686.331
1671314	1671326	5652.202
1671315	1671327	4860.206
1671316	1671328	4860.206
1671317	1671329	4860.206
1671318	1671330	1820.585
1671319	1671329	2091.083
1671320	1671330	712.187
1671321	1671329	650.9198
1674942	1674952	585.9597
1674944	1674952	904.32
1674963	1674975	592.3405
1674965	1674975	731.2843
1677365	1677377	828.6824
1677367	1677377	705.4245
1679428	1679440	936.7831
1679429	1679441	674.1187
1679431	1679441	612.3848
1681314	1681326	534.8431
1681315	1681325	524.9901
1681316	1681328	790.8198
1681317	1681325	766.6232
1683050	1683062	1231.555
1683052	1683062	1823.471
1683054	1683062	2752.447
1683251	1683261	593.197
1683252	1683260	904.32
1683253	1683261	783.823
1683706	1683718	981.5517
1683707	1683719	553.5674
1683708	1683720	1493.421
1683709	1683721	1800.518
1683710	1683722	875.0314
1685953	1685963	915.9191
1686352	1686364	523.1181
1686353	1686365	769.4611
1686354	1686364	712.187
1686355	1686365	1030.205
1688306	1688316	523.1181
1688307	1688317	524.9901
1688308	1688316	766.6232
1688309	1688317	766.6232
1692633	1692645	1285.801
1692634	1692646	1429.688
1692635	1692645	2943.461
1692636	1692646	27872.66
1692637	1692645	2752.447
1692638	1692646	2752.447
1696969	1696981	837.3607
1696970	1696982	4831.423
1696971	1696983	2562.13
1696972	1696984	1469.169
1696974	1696986	583.4285
1700973	1700981	516.0707
1700975	1700981	883.5764
1701534	1701544	607.5252
1701535	1701545	980.8116
1701536	1701544	908.3955
1701537	1701545	904.32
1701749	1701757	516.0707
1701751	1701757	883.5764
1701819	1701829	659.0352
1701821	1701829	980.8116
1701822	1701830	980.8116
1701823	1701829	883.5764
1702644	1702654	593.197
1702646	1702654	783.823
1704079	1704089	612.3848
1704449	1704461	520.5095
1704451	1704463	2300.768
1704452	1704464	13072.54
1704453	1704463	2091.083
1704454	1704464	2091.083
1704456	1704464	650.9198
1705658	1705668	523.4919
1705660	1705668	783.823
1705693	1705705	583.4285
1708540	1708552	2450.38
1708541	1708553	606.2072
1708542	1708554	3591.704
1708543	1708553	752.603
1709388	1709396	980.8116
1709390	1709396	883.5764
1709498	1709510	592.3405
1709499	1709511	2597.767
1709500	1709512	790.8198
1709501	1709513	2679.36
1709502	1709514	1034.114
1709503	1709515	1273.964
1710019	1710027	980.8116
1710021	1710027	883.5764
1710129	1710141	592.3405
1710130	1710142	2597.767
1710131	1710143	790.8198
1710132	1710144	2679.36
1710133	1710145	1034.114
1710134	1710146	1273.964
1710563	1710573	606.2072
1710565	1710573	783.823
1710669	1710679	524.9901
1710670	1710680	2541.412
1710671	1710679	766.6232
1710672	1710680	766.6232
1711271	1711283	511.3085
1711272	1711284	1589.835
1711273	1711283	705.4245
1711274	1711284	2183.574
1711275	1711283	650.9198
1711276	1711284	766.6232
1715260	1715270	1117.472
1716028	1716038	612.3848
1717123	1717135	1433.027
1717124	1717136	715.8575
1717125	1717135	3185.287
1717126	1717136	1057.108
1717127	1717135	3428.529
1717128	1717136	980.8116
1717129	1717135	883.5764
1719555	1719563	783.823
1719722	1719734	1232.502
1719723	1719735	2802.356
1719724	1719736	2300.768
1719725	1719735	826.8355
1719726	1719736	2091.083
1719727	1719735	766.6232
1720471	1720481	1202.592
1720603	1720613	531.7901
1720605	1720613	783.823
1720768	1720778	512.4032
1720770	1720778	766.6232
1737405	1737417	564.4132
1737928	1737940	547.2477
1737929	1737941	768.3246
1737930	1737942	4860.206
1737931	1737943	4914.146
1737932	1737944	16271.57
1737933	1737945	17718.99
1737934	1737946	6910.52
1737935	1737947	8697.46
1737936	1737946	907.7149
1737937	1737947	2962.843
1739607	1739617	571.3607
1739609	1739617	766.6232
1740340	1740346	883.5764
1740538	1740550	984.5185
1742948	1742954	883.5764
1743683	1743695	1673.108
1743685	1743695	2391.637
1743686	1743694	516.0707
1743687	1743695	3428.529
1743688	1743694	883.5764
1743689	1743695	883.5764
1744033	1744041	783.823
1744049	1744061	523.1181
1744051	1744061	712.187
1744261	1744271	534.078
1744263	1744271	783.823
1744595	1744605	612.3848
1744632	1744640	587.2299
1744633	1744641	980.8116
1744634	1744640	883.5764
1748291	1748299	766.6232
1748303	1748313	585.9597
1748305	1748313	904.32
1749613	1749621	587.2299
1749615	1749621	883.5764
1749793	1749799	883.5764
1749820	1749832	523.1181
1749821	1749833	771.7397
1749822	1749834	768.3246
1749823	1749835	1120.031
1749954	1749966	961.0532
1754491	1754503	601.4011
1754493	1754503	848.0313
1754495	1754503	783.823
1756224	1756236	1209.068
1756225	1756237	1874.786
1756226	1756238	5997.241
1756227	1756237	2659.79
1756228	1756238	8485.756
1756229	1756237	908.3955
1756230	1756238	908.3955
1757455	1757467	1232.502
1757457	1757467	1824.916
1757459	1757467	2752.447
1758772	1758782	514.9674
1758774	1758782	766.6232
1759268	1759276	650.9198
1761784	1761796	1567.572
1761785	1761797	1982.132
1761786	1761798	6017.919
1761787	1761797	2779.551
1761788	1761798	2541.412
1761789	1761797	2752.447
1761790	1761798	766.6232
1762553	1762561	516.0707
1762555	1762561	883.5764
1763138	1763146	766.6232
1763623	1763633	535.9929
1763625	1763633	783.823
1767222	1767230	783.823
1767436	1767448	531.4098
1767438	1767448	712.187
1767674	1767684	531.7901
1767676	1767684	783.823
1768032	1768044	554.7612
1768033	1768045	2067.796
1768034	1768046	5749.984
1768035	1768047	26467.45
1768036	1768048	100462.4
1768037	1768047	38833.58
1768038	1768048	138924.1
1768039	1768047	13713.99
1768040	1768048	13713.99
1768041	1768049	980.8116
1768042	1768048	883.5764
1768852	1768864	1233.449
1768856	1768864	2752.447
1768864	1768876	1632.822
1768865	1768877	572.1842
1768866	1768878	5652.202
1768867	1768879	4576.539
1768868	1768878	2091.083
1768869	1768879	1733.503
1769367	1769377	752.603
1769369	1769377	650.9198
1770540	1770552	1061.934
1770541	1770553	3182.661
1770542	1770554	1493.421
1770543	1770553	3993.322
1770544	1770554	505.8732
1771617	1771625	980.8116
1771619	1771625	883.5764
1771893	1771901	650.9198
1772130	1772140	534.078
1772132	1772140	783.823
1772577	1772585	783.823
1774478	1774490	758.1774
1774480	1774490	915.9191
1774482	1774490	908.3955
1775215	1775223	783.823
1777389	1777401	1120.031
1777390	1777402	1915.432
1777391	1777403	1181.58
1777392	1777404	1065.164
1777393	1777405	1439.73
1777395	1777405	1430.8
1785613	1785623	521.2534
1785615	1785623	783.823
1785759	1785767	516.0707
1785761	1785767	883.5764
1787687	1787697	521.2534
1787689	1787697	783.823
1787833	1787841	516.0707
1787835	1787841	883.5764
1789159	1789171	1456.636
1789160	1789170	575.491
1789161	1789171	2210.038
1789162	1789170	904.32
1789163	1789171	3428.529
1789164	1789170	883.5764
1789165	1789171	883.5764
1790396	1790408	535.6093
1790398	1790410	731.8227
1792164	1792176	832.3897
1792165	1792177	830.5338
1792919	1792927	603.5805
1792921	1792927	883.5764
1795150	1795162	531.7901
1795152	1795164	4576.539
1795153	1795165	2640.374
1795154	1795166	12723.6
1795155	1795167	8962.093
1795156	1795168	2409.1
1795157	1795167	3858.662
1795158	1795168	907.7149
1795159	1795167	904.32
1795161	1795167	883.5764
1798144	1798152	650.9198
1802995	1803005	1033.331
1804732	1804740	766.6232
1806126	1806134	2752.447
1806323	1806333	575.491
1806325	1806333	904.32
1806327	1806333	883.5764
1809729	1809741	705.9422
1809731	1809741	826.8355
1809733	1809741	766.6232
1812624	1812632	650.9198
1814710	1814722	1435.257
1814714	1814722	3428.529
1814716	1814722	883.5764
1815363	1815375	620.8785
1815365	1815377	920.7419
1815366	1815376	2091.083
1815367	1815377	848.0313
1815507	1815513	883.5764
1817464	1817476	568.0797
1817465	1817477	572.1842
1817466	1817478	1100.572
1817467	1817479	1743.107
1817468	1817480	860.1321
1817469	1817481	663.3761
1817899	1817907	516.0707
1817901	1817907	883.5764
1818883	1818895	547.2477
1818885	1818895	731.2843
1821263	1821269	883.5764
1822768	1822776	766.6232
1825553	1825565	533.3142
1825554	1825566	1321.011
1825555	1825565	607.5252
1825556	1825566	1824.916
1825557	1825565	908.3955
1825558	1825566	2752.447
1826791	1826799	587.2299
1826792	1826798	883.5764
1826793	1826799	883.5764
1827717	1827727	523.1181
1827719	1827727	766.6232
1830379	1830391	543.7275
1830380	1830392	583.4285
1830381	1830393	1820.585
1830382	1830392	731.2843
1830383	1830393	712.187
1836874	1836884	724.3246
1836876	1836884	904.32
1836878	1836884	883.5764
1838458	1838470	524.9901
1838460	1838470	712.187
1840126	1840136	635.9371
1840127	1840137	546.8554
1840128	1840136	980.8116
1840376	1840388	524.9901
1840377	1840389	595.3441
1840378	1840390	742.1338
1840379	1840391	1295.757
1840380	1840392	936.7831
1840381	1840393	2169.599
1840382	1840394	966.8622
1840488	1840498	512.4032
1840490	1840498	650.9198
1840901	1840909	650.9198
1841986	1841998	1233.449
1841987	1841999	1880.749
1841988	1841998	2036.638
1841989	1841999	2659.79
1841990	1841998	2752.447
1841991	1841999	908.3955
1844212	1844222	523.1181
1844214	1844222	766.6232
1844379	1844391	533.3142
1844381	1844391	607.5252
1844383	1844391	908.3955
1846214	1846226	1456.636
1846215	1846227	1456.636
1846216	1846228	2407.153
1846217	1846227	883.5764
1846218	1846228	2183.574
1846219	1846227	766.6232
1847603	1847613	594.4842
1847605	1847613	766.6232
1848969	1848981	961.0532
1848970	1848982	13072.54
1848971	1848983	8636.407
1848972	1848984	5652.202
1848973	1848985	3411.521
1848974	1848984	2091.083
1849296	1849308	692.1079
1849297	1849307	2659.79
1849298	1849308	974.177
1849299	1849307	908.3955
1852411	1852423	882.2559
1852412	1852422	534.078
1852413	1852423	1220.255
1852414	1852422	783.823
1853207	1853213	883.5764
1855931	1855943	1205.363
1855933	1855945	5997.241
1855934	1855946	659.0352
1855935	1855945	8485.756
1855936	1855946	826.8355
1855937	1855945	908.3955
1857546	1857554	516.0707
1857548	1857554	883.5764
1857696	1857706	612.3848
1858142	1858154	1217.448
1858143	1858155	786.1477
1858144	1858154	546.8554
1858145	1858155	907.7149
1858147	1858155	783.823
1860884	1860894	523.4919
1860886	1860894	783.823
1864581	1864589	603.5805
1864583	1864589	883.5764
1867307	1867319	1637.961
1867309	1867319	2442.459
1867311	1867319	3428.529
1870285	1870297	540.6191
1870286	1870298	2197.646
1870287	1870299	617.7344
1870288	1870298	2173.083
1870289	1870299	752.603
1870290	1870298	783.823
1871243	1871255	514.2334
1871244	1871256	860.1321
1871245	1871257	1469.169
1873115	1873127	1463.458
1873116	1873128	1361.474
1873117	1873127	2218.936
1873118	1873128	2001.188
1873119	1873127	3428.529
1873120	1873128	2752.447
1873297	1873309	1429.688
1873299	1873311	3249.007
1873300	1873312	4325.003
1873301	1873311	2962.843
1873302	1873312	546.8554
1874493	1874505	779.7725
1874494	1874506	540.6191
1874495	1874505	915.9191
1874497	1874505	908.3955
1875268	1875280	1205.363
1875269	1875279	594.914
1875270	1875280	1824.916
1875271	1875279	908.3955
1875272	1875280	2752.447
1875371	1875383	546.8554
1875373	1875383	752.603
1875375	1875383	650.9198
1879687	1879699	1579.899
1879689	1879699	2173.083
1879691	1879699	783.823
1880987	1880999	8199.953
1880988	1880998	8485.756
1880989	1880999	8485.756
1880990	1880998	908.3955
1880991	1880999	2752.447
1882360	1882368	783.823
1883541	1883551	501.5704
1883542	1883550	766.6232
1883543	1883551	650.9198
1885313	1885321	2752.447
1886724	1886736	535.9929
1890398	1890408	524.9901
1890400	1890408	766.6232
1893138	1893150	2025.286
1893139	1893151	692.1079
1893140	1893150	2659.79
1893141	1893151	980.8116
1893142	1893150	908.3955
1893143	1893151	904.32
1893359	1893371	1632.822
1893360	1893372	4742.14
1893361	1893373	16271.57
1893362	1893372	6565.992
1893363	1893373	6565.992
1893364	1893372	783.823
1893365	1893373	783.823
1893959	1893971	547.2477
1893960	1893972	849.9296
1893961	1893973	790.8198
1893962	1893972	1030.205
1901800	1901812	1602.351
1901801	1901813	6600.18
1901802	1901814	27689.53
1901803	1901815	9113.686
1901804	1901814	38833.58
1901805	1901817	17253.57
1901806	1901814	13713.99
1901807	1901817	1737.612
1901808	1901814	883.5764
1902014	1902022	2752.447
